(kicad_pcb (version 20171130) (host pcbnew "(5.0.1)-3")

  (general
    (thickness 1.6)
    (drawings 19)
    (tracks 80)
    (zones 0)
    (modules 17)
    (nets 18)
  )

  (page A4)
  (layers
    (0 F.Cu signal hide)
    (31 B.Cu signal hide)
    (32 B.Adhes user)
    (33 F.Adhes user)
    (34 B.Paste user)
    (35 F.Paste user)
    (36 B.SilkS user)
    (37 F.SilkS user)
    (38 B.Mask user)
    (39 F.Mask user)
    (40 Dwgs.User user)
    (41 Cmts.User user)
    (42 Eco1.User user)
    (43 Eco2.User user)
    (44 Edge.Cuts user)
    (45 Margin user)
    (46 B.CrtYd user)
    (47 F.CrtYd user)
    (48 B.Fab user)
    (49 F.Fab user)
  )

  (setup
    (last_trace_width 0.5)
    (trace_clearance 0.2)
    (zone_clearance 0.508)
    (zone_45_only no)
    (trace_min 0.2)
    (segment_width 0.2)
    (edge_width 0.15)
    (via_size 0.8)
    (via_drill 0.4)
    (via_min_size 0.4)
    (via_min_drill 0.3)
    (uvia_size 0.3)
    (uvia_drill 0.1)
    (uvias_allowed no)
    (uvia_min_size 0.2)
    (uvia_min_drill 0.1)
    (pcb_text_width 0.3)
    (pcb_text_size 1.5 1.5)
    (mod_edge_width 0.15)
    (mod_text_size 1 1)
    (mod_text_width 0.15)
    (pad_size 1.524 1.524)
    (pad_drill 0.762)
    (pad_to_mask_clearance 0.051)
    (solder_mask_min_width 0.25)
    (aux_axis_origin 0 0)
    (visible_elements 7FFFFFFF)
    (pcbplotparams
      (layerselection 0x010fc_ffffffff)
      (usegerberextensions false)
      (usegerberattributes false)
      (usegerberadvancedattributes false)
      (creategerberjobfile false)
      (excludeedgelayer true)
      (linewidth 0.100000)
      (plotframeref false)
      (viasonmask false)
      (mode 1)
      (useauxorigin false)
      (hpglpennumber 1)
      (hpglpenspeed 20)
      (hpglpendiameter 15.000000)
      (psnegative false)
      (psa4output false)
      (plotreference true)
      (plotvalue true)
      (plotinvisibletext false)
      (padsonsilk false)
      (subtractmaskfromsilk false)
      (outputformat 1)
      (mirror false)
      (drillshape 0)
      (scaleselection 1)
      (outputdirectory "gerber/"))
  )

  (net 0 "")
  (net 1 GND)
  (net 2 "Net-(D1-Pad2)")
  (net 3 "Net-(D2-Pad2)")
  (net 4 "Net-(D3-Pad2)")
  (net 5 "Net-(D4-Pad2)")
  (net 6 "Net-(D5-Pad2)")
  (net 7 "Net-(D6-Pad2)")
  (net 8 "Net-(D7-Pad2)")
  (net 9 "Net-(D8-Pad2)")
  (net 10 "Net-(J1-Pad1)")
  (net 11 "Net-(J1-Pad2)")
  (net 12 "Net-(J1-Pad3)")
  (net 13 "Net-(J1-Pad4)")
  (net 14 "Net-(J1-Pad5)")
  (net 15 "Net-(J1-Pad6)")
  (net 16 "Net-(J1-Pad7)")
  (net 17 "Net-(J1-Pad8)")

  (net_class Default "This is the default net class."
    (clearance 0.2)
    (trace_width 0.5)
    (via_dia 0.8)
    (via_drill 0.4)
    (uvia_dia 0.3)
    (uvia_drill 0.1)
    (add_net GND)
    (add_net "Net-(D1-Pad2)")
    (add_net "Net-(D2-Pad2)")
    (add_net "Net-(D3-Pad2)")
    (add_net "Net-(D4-Pad2)")
    (add_net "Net-(D5-Pad2)")
    (add_net "Net-(D6-Pad2)")
    (add_net "Net-(D7-Pad2)")
    (add_net "Net-(D8-Pad2)")
    (add_net "Net-(J1-Pad1)")
    (add_net "Net-(J1-Pad2)")
    (add_net "Net-(J1-Pad3)")
    (add_net "Net-(J1-Pad4)")
    (add_net "Net-(J1-Pad5)")
    (add_net "Net-(J1-Pad6)")
    (add_net "Net-(J1-Pad7)")
    (add_net "Net-(J1-Pad8)")
  )

  (module w_pin_strip:pin_strip_9 (layer B.Cu) (tedit 0) (tstamp 5D417E0B)
    (at 146.7 88.7966 270)
    (descr "Pin strip 9pin")
    (tags "CONN DEV")
    (path /5D3F95D1)
    (fp_text reference J1 (at 10.2634 1.92 270) (layer B.SilkS)
      (effects (font (size 1.016 1.016) (thickness 0.2032)) (justify mirror))
    )
    (fp_text value Conn_01x09_Female (at 0.254 3.556 270) (layer B.SilkS) hide
      (effects (font (size 1.016 0.889) (thickness 0.2032)) (justify mirror))
    )
    (fp_line (start -8.89 1.27) (end -8.89 -1.27) (layer B.SilkS) (width 0.3048))
    (fp_line (start -11.43 1.27) (end 11.43 1.27) (layer B.SilkS) (width 0.3048))
    (fp_line (start 11.43 1.27) (end 11.43 -1.27) (layer B.SilkS) (width 0.3048))
    (fp_line (start 11.43 -1.27) (end -11.43 -1.27) (layer B.SilkS) (width 0.3048))
    (fp_line (start -11.43 -1.27) (end -11.43 1.27) (layer B.SilkS) (width 0.3048))
    (pad 1 thru_hole rect (at -10.16 0 270) (size 1.524 2.19964) (drill 1.00076) (layers *.Cu *.Mask B.SilkS)
      (net 10 "Net-(J1-Pad1)"))
    (pad 2 thru_hole oval (at -7.62 0 270) (size 1.524 2.19964) (drill 1.00076) (layers *.Cu *.Mask B.SilkS)
      (net 11 "Net-(J1-Pad2)"))
    (pad 3 thru_hole oval (at -5.08 0 270) (size 1.524 2.19964) (drill 1.00076) (layers *.Cu *.Mask B.SilkS)
      (net 12 "Net-(J1-Pad3)"))
    (pad 4 thru_hole oval (at -2.54 0 270) (size 1.524 2.19964) (drill 1.00076) (layers *.Cu *.Mask B.SilkS)
      (net 13 "Net-(J1-Pad4)"))
    (pad 5 thru_hole oval (at 0 0 270) (size 1.524 2.19964) (drill 1.00076) (layers *.Cu *.Mask B.SilkS)
      (net 14 "Net-(J1-Pad5)"))
    (pad 6 thru_hole oval (at 2.54 0 270) (size 1.524 2.19964) (drill 1.00076) (layers *.Cu *.Mask B.SilkS)
      (net 15 "Net-(J1-Pad6)"))
    (pad 7 thru_hole oval (at 5.08 0 270) (size 1.524 2.19964) (drill 1.00076) (layers *.Cu *.Mask B.SilkS)
      (net 16 "Net-(J1-Pad7)"))
    (pad 8 thru_hole oval (at 7.62 0 270) (size 1.524 2.19964) (drill 1.00076) (layers *.Cu *.Mask B.SilkS)
      (net 17 "Net-(J1-Pad8)"))
    (pad 9 thru_hole oval (at 10.16 0 270) (size 1.524 2.19964) (drill 1.00076) (layers *.Cu *.Mask B.SilkS)
      (net 1 GND))
    (model walter/pin_strip/pin_strip_9.wrl
      (at (xyz 0 0 0))
      (scale (xyz 1 1 1))
      (rotate (xyz 0 0 0))
    )
  )

  (module Resistors_SMD:R_1206 (layer B.Cu) (tedit 5D407420) (tstamp 5D51C253)
    (at 142.748 78.74 180)
    (descr "Resistor SMD 1206, reflow soldering, Vishay (see dcrcw.pdf)")
    (tags "resistor 1206")
    (path /5D3F82F5)
    (attr smd)
    (fp_text reference R1 (at 2.75598 -0.150572 180) (layer B.SilkS)
      (effects (font (size 0.5 0.5) (thickness 0.125)) (justify mirror))
    )
    (fp_text value 220 (at 0 0.103428 180) (layer B.Fab)
      (effects (font (size 0.5 0.5) (thickness 0.125)) (justify mirror))
    )
    (fp_text user %R (at 2.75598 -0.150572 180) (layer B.Fab)
      (effects (font (size 0.5 0.5) (thickness 0.105)) (justify mirror))
    )
    (fp_line (start -1.6 -0.8) (end -1.6 0.8) (layer B.Fab) (width 0.1))
    (fp_line (start 1.6 -0.8) (end -1.6 -0.8) (layer B.Fab) (width 0.1))
    (fp_line (start 1.6 0.8) (end 1.6 -0.8) (layer B.Fab) (width 0.1))
    (fp_line (start -1.6 0.8) (end 1.6 0.8) (layer B.Fab) (width 0.1))
    (fp_line (start 1 -1.07) (end -1 -1.07) (layer B.SilkS) (width 0.12))
    (fp_line (start -1 1.07) (end 1 1.07) (layer B.SilkS) (width 0.12))
    (fp_line (start -2.15 1.11) (end 2.15 1.11) (layer B.CrtYd) (width 0.05))
    (fp_line (start -2.15 1.11) (end -2.15 -1.1) (layer B.CrtYd) (width 0.05))
    (fp_line (start 2.15 -1.1) (end 2.15 1.11) (layer B.CrtYd) (width 0.05))
    (fp_line (start 2.15 -1.1) (end -2.15 -1.1) (layer B.CrtYd) (width 0.05))
    (pad 1 smd rect (at -1.45 0 180) (size 0.9 1.7) (layers B.Cu B.Paste B.Mask)
      (net 10 "Net-(J1-Pad1)"))
    (pad 2 smd rect (at 1.45 0 180) (size 0.9 1.7) (layers B.Cu B.Paste B.Mask)
      (net 2 "Net-(D1-Pad2)"))
    (model ${KISYS3DMOD}/Resistors_SMD.3dshapes/R_1206.wrl
      (at (xyz 0 0 0))
      (scale (xyz 1 1 1))
      (rotate (xyz 0 0 0))
    )
  )

  (module Resistors_SMD:R_1206 (layer B.Cu) (tedit 5D40767B) (tstamp 5D51C1F3)
    (at 142.748 81.28 180)
    (descr "Resistor SMD 1206, reflow soldering, Vishay (see dcrcw.pdf)")
    (tags "resistor 1206")
    (path /5D3F85B5)
    (attr smd)
    (fp_text reference R2 (at 2.75598 -0.150572 180) (layer B.SilkS)
      (effects (font (size 0.5 0.5) (thickness 0.125)) (justify mirror))
    )
    (fp_text value 220 (at 0 0.103428 180) (layer B.Fab)
      (effects (font (size 0.5 0.5) (thickness 0.125)) (justify mirror))
    )
    (fp_line (start 2.15 -1.1) (end -2.15 -1.1) (layer B.CrtYd) (width 0.05))
    (fp_line (start 2.15 -1.1) (end 2.15 1.11) (layer B.CrtYd) (width 0.05))
    (fp_line (start -2.15 1.11) (end -2.15 -1.1) (layer B.CrtYd) (width 0.05))
    (fp_line (start -2.15 1.11) (end 2.15 1.11) (layer B.CrtYd) (width 0.05))
    (fp_line (start -1 1.07) (end 1 1.07) (layer B.SilkS) (width 0.12))
    (fp_line (start 1 -1.07) (end -1 -1.07) (layer B.SilkS) (width 0.12))
    (fp_line (start -1.6 0.8) (end 1.6 0.8) (layer B.Fab) (width 0.1))
    (fp_line (start 1.6 0.8) (end 1.6 -0.8) (layer B.Fab) (width 0.1))
    (fp_line (start 1.6 -0.8) (end -1.6 -0.8) (layer B.Fab) (width 0.1))
    (fp_line (start -1.6 -0.8) (end -1.6 0.8) (layer B.Fab) (width 0.1))
    (fp_text user %R (at 2.75598 -0.150572 180) (layer B.Fab)
      (effects (font (size 0.5 0.5) (thickness 0.105)) (justify mirror))
    )
    (pad 2 smd rect (at 1.45 0 180) (size 0.9 1.7) (layers B.Cu B.Paste B.Mask)
      (net 3 "Net-(D2-Pad2)"))
    (pad 1 smd rect (at -1.45 0 180) (size 0.9 1.7) (layers B.Cu B.Paste B.Mask)
      (net 11 "Net-(J1-Pad2)"))
    (model ${KISYS3DMOD}/Resistors_SMD.3dshapes/R_1206.wrl
      (at (xyz 0 0 0))
      (scale (xyz 1 1 1))
      (rotate (xyz 0 0 0))
    )
  )

  (module Resistors_SMD:R_1206 (layer B.Cu) (tedit 5D40766E) (tstamp 5D51C193)
    (at 142.748 83.82 180)
    (descr "Resistor SMD 1206, reflow soldering, Vishay (see dcrcw.pdf)")
    (tags "resistor 1206")
    (path /5D3F8697)
    (attr smd)
    (fp_text reference R3 (at 2.68198 -0.150572 180) (layer B.SilkS)
      (effects (font (size 0.5 0.5) (thickness 0.125)) (justify mirror))
    )
    (fp_text value 220 (at 0 0.103428 180) (layer B.Fab)
      (effects (font (size 0.5 0.5) (thickness 0.125)) (justify mirror))
    )
    (fp_text user %R (at 2.68198 -0.150572 180) (layer B.Fab)
      (effects (font (size 0.5 0.5) (thickness 0.105)) (justify mirror))
    )
    (fp_line (start -1.6 -0.8) (end -1.6 0.8) (layer B.Fab) (width 0.1))
    (fp_line (start 1.6 -0.8) (end -1.6 -0.8) (layer B.Fab) (width 0.1))
    (fp_line (start 1.6 0.8) (end 1.6 -0.8) (layer B.Fab) (width 0.1))
    (fp_line (start -1.6 0.8) (end 1.6 0.8) (layer B.Fab) (width 0.1))
    (fp_line (start 1 -1.07) (end -1 -1.07) (layer B.SilkS) (width 0.12))
    (fp_line (start -1 1.07) (end 1 1.07) (layer B.SilkS) (width 0.12))
    (fp_line (start -2.15 1.11) (end 2.15 1.11) (layer B.CrtYd) (width 0.05))
    (fp_line (start -2.15 1.11) (end -2.15 -1.1) (layer B.CrtYd) (width 0.05))
    (fp_line (start 2.15 -1.1) (end 2.15 1.11) (layer B.CrtYd) (width 0.05))
    (fp_line (start 2.15 -1.1) (end -2.15 -1.1) (layer B.CrtYd) (width 0.05))
    (pad 1 smd rect (at -1.45 0 180) (size 0.9 1.7) (layers B.Cu B.Paste B.Mask)
      (net 12 "Net-(J1-Pad3)"))
    (pad 2 smd rect (at 1.45 0 180) (size 0.9 1.7) (layers B.Cu B.Paste B.Mask)
      (net 4 "Net-(D3-Pad2)"))
    (model ${KISYS3DMOD}/Resistors_SMD.3dshapes/R_1206.wrl
      (at (xyz 0 0 0))
      (scale (xyz 1 1 1))
      (rotate (xyz 0 0 0))
    )
  )

  (module Resistors_SMD:R_1206 (layer B.Cu) (tedit 5D407637) (tstamp 5D51C2E3)
    (at 142.748 86.36 180)
    (descr "Resistor SMD 1206, reflow soldering, Vishay (see dcrcw.pdf)")
    (tags "resistor 1206")
    (path /5D3F86CD)
    (attr smd)
    (fp_text reference R4 (at 2.68198 -0.150572 180) (layer B.SilkS)
      (effects (font (size 0.5 0.5) (thickness 0.125)) (justify mirror))
    )
    (fp_text value 220 (at 0 0.103428 180) (layer B.Fab)
      (effects (font (size 0.5 0.5) (thickness 0.125)) (justify mirror))
    )
    (fp_line (start 2.15 -1.1) (end -2.15 -1.1) (layer B.CrtYd) (width 0.05))
    (fp_line (start 2.15 -1.1) (end 2.15 1.11) (layer B.CrtYd) (width 0.05))
    (fp_line (start -2.15 1.11) (end -2.15 -1.1) (layer B.CrtYd) (width 0.05))
    (fp_line (start -2.15 1.11) (end 2.15 1.11) (layer B.CrtYd) (width 0.05))
    (fp_line (start -1 1.07) (end 1 1.07) (layer B.SilkS) (width 0.12))
    (fp_line (start 1 -1.07) (end -1 -1.07) (layer B.SilkS) (width 0.12))
    (fp_line (start -1.6 0.8) (end 1.6 0.8) (layer B.Fab) (width 0.1))
    (fp_line (start 1.6 0.8) (end 1.6 -0.8) (layer B.Fab) (width 0.1))
    (fp_line (start 1.6 -0.8) (end -1.6 -0.8) (layer B.Fab) (width 0.1))
    (fp_line (start -1.6 -0.8) (end -1.6 0.8) (layer B.Fab) (width 0.1))
    (fp_text user %R (at 2.68198 -0.150572 180) (layer B.Fab)
      (effects (font (size 0.5 0.5) (thickness 0.105)) (justify mirror))
    )
    (pad 2 smd rect (at 1.45 0 180) (size 0.9 1.7) (layers B.Cu B.Paste B.Mask)
      (net 5 "Net-(D4-Pad2)"))
    (pad 1 smd rect (at -1.45 0 180) (size 0.9 1.7) (layers B.Cu B.Paste B.Mask)
      (net 13 "Net-(J1-Pad4)"))
    (model ${KISYS3DMOD}/Resistors_SMD.3dshapes/R_1206.wrl
      (at (xyz 0 0 0))
      (scale (xyz 1 1 1))
      (rotate (xyz 0 0 0))
    )
  )

  (module Resistors_SMD:R_1206 (layer B.Cu) (tedit 5D40761E) (tstamp 5D51C2B3)
    (at 142.76 88.949 180)
    (descr "Resistor SMD 1206, reflow soldering, Vishay (see dcrcw.pdf)")
    (tags "resistor 1206")
    (path /5D3F8705)
    (attr smd)
    (fp_text reference R5 (at 2.75598 -0.150572 180) (layer B.SilkS)
      (effects (font (size 0.5 0.5) (thickness 0.125)) (justify mirror))
    )
    (fp_text value 220 (at 0 0.103428 180) (layer B.Fab)
      (effects (font (size 0.5 0.5) (thickness 0.125)) (justify mirror))
    )
    (fp_text user %R (at 2.75598 -0.150572 180) (layer B.Fab)
      (effects (font (size 0.5 0.5) (thickness 0.105)) (justify mirror))
    )
    (fp_line (start -1.6 -0.8) (end -1.6 0.8) (layer B.Fab) (width 0.1))
    (fp_line (start 1.6 -0.8) (end -1.6 -0.8) (layer B.Fab) (width 0.1))
    (fp_line (start 1.6 0.8) (end 1.6 -0.8) (layer B.Fab) (width 0.1))
    (fp_line (start -1.6 0.8) (end 1.6 0.8) (layer B.Fab) (width 0.1))
    (fp_line (start 1 -1.07) (end -1 -1.07) (layer B.SilkS) (width 0.12))
    (fp_line (start -1 1.07) (end 1 1.07) (layer B.SilkS) (width 0.12))
    (fp_line (start -2.15 1.11) (end 2.15 1.11) (layer B.CrtYd) (width 0.05))
    (fp_line (start -2.15 1.11) (end -2.15 -1.1) (layer B.CrtYd) (width 0.05))
    (fp_line (start 2.15 -1.1) (end 2.15 1.11) (layer B.CrtYd) (width 0.05))
    (fp_line (start 2.15 -1.1) (end -2.15 -1.1) (layer B.CrtYd) (width 0.05))
    (pad 1 smd rect (at -1.45 0 180) (size 0.9 1.7) (layers B.Cu B.Paste B.Mask)
      (net 14 "Net-(J1-Pad5)"))
    (pad 2 smd rect (at 1.45 0 180) (size 0.9 1.7) (layers B.Cu B.Paste B.Mask)
      (net 6 "Net-(D5-Pad2)"))
    (model ${KISYS3DMOD}/Resistors_SMD.3dshapes/R_1206.wrl
      (at (xyz 0 0 0))
      (scale (xyz 1 1 1))
      (rotate (xyz 0 0 0))
    )
  )

  (module Resistors_SMD:R_1206 (layer B.Cu) (tedit 5D40760E) (tstamp 5D51C283)
    (at 142.76 91.489 180)
    (descr "Resistor SMD 1206, reflow soldering, Vishay (see dcrcw.pdf)")
    (tags "resistor 1206")
    (path /5D3F8747)
    (attr smd)
    (fp_text reference R6 (at 2.75598 -0.150572 180) (layer B.SilkS)
      (effects (font (size 0.5 0.5) (thickness 0.125)) (justify mirror))
    )
    (fp_text value 220 (at -0.03802 0.103428 180) (layer B.Fab)
      (effects (font (size 0.5 0.5) (thickness 0.125)) (justify mirror))
    )
    (fp_line (start 2.15 -1.1) (end -2.15 -1.1) (layer B.CrtYd) (width 0.05))
    (fp_line (start 2.15 -1.1) (end 2.15 1.11) (layer B.CrtYd) (width 0.05))
    (fp_line (start -2.15 1.11) (end -2.15 -1.1) (layer B.CrtYd) (width 0.05))
    (fp_line (start -2.15 1.11) (end 2.15 1.11) (layer B.CrtYd) (width 0.05))
    (fp_line (start -1 1.07) (end 1 1.07) (layer B.SilkS) (width 0.12))
    (fp_line (start 1 -1.07) (end -1 -1.07) (layer B.SilkS) (width 0.12))
    (fp_line (start -1.6 0.8) (end 1.6 0.8) (layer B.Fab) (width 0.1))
    (fp_line (start 1.6 0.8) (end 1.6 -0.8) (layer B.Fab) (width 0.1))
    (fp_line (start 1.6 -0.8) (end -1.6 -0.8) (layer B.Fab) (width 0.1))
    (fp_line (start -1.6 -0.8) (end -1.6 0.8) (layer B.Fab) (width 0.1))
    (fp_text user %R (at 2.75598 -0.150572 180) (layer B.Fab)
      (effects (font (size 0.5 0.5) (thickness 0.105)) (justify mirror))
    )
    (pad 2 smd rect (at 1.45 0 180) (size 0.9 1.7) (layers B.Cu B.Paste B.Mask)
      (net 7 "Net-(D6-Pad2)"))
    (pad 1 smd rect (at -1.45 0 180) (size 0.9 1.7) (layers B.Cu B.Paste B.Mask)
      (net 15 "Net-(J1-Pad6)"))
    (model ${KISYS3DMOD}/Resistors_SMD.3dshapes/R_1206.wrl
      (at (xyz 0 0 0))
      (scale (xyz 1 1 1))
      (rotate (xyz 0 0 0))
    )
  )

  (module Resistors_SMD:R_1206 (layer B.Cu) (tedit 5D407600) (tstamp 5D51C1C3)
    (at 142.76 94.029 180)
    (descr "Resistor SMD 1206, reflow soldering, Vishay (see dcrcw.pdf)")
    (tags "resistor 1206")
    (path /5D3F87EF)
    (attr smd)
    (fp_text reference R7 (at 2.75598 -0.150572 180) (layer B.SilkS)
      (effects (font (size 0.5 0.5) (thickness 0.125)) (justify mirror))
    )
    (fp_text value 220 (at -0.03802 0.103428 180) (layer B.Fab)
      (effects (font (size 0.5 0.5) (thickness 0.125)) (justify mirror))
    )
    (fp_text user %R (at 2.75598 -0.150572 180) (layer B.Fab)
      (effects (font (size 0.5 0.5) (thickness 0.105)) (justify mirror))
    )
    (fp_line (start -1.6 -0.8) (end -1.6 0.8) (layer B.Fab) (width 0.1))
    (fp_line (start 1.6 -0.8) (end -1.6 -0.8) (layer B.Fab) (width 0.1))
    (fp_line (start 1.6 0.8) (end 1.6 -0.8) (layer B.Fab) (width 0.1))
    (fp_line (start -1.6 0.8) (end 1.6 0.8) (layer B.Fab) (width 0.1))
    (fp_line (start 1 -1.07) (end -1 -1.07) (layer B.SilkS) (width 0.12))
    (fp_line (start -1 1.07) (end 1 1.07) (layer B.SilkS) (width 0.12))
    (fp_line (start -2.15 1.11) (end 2.15 1.11) (layer B.CrtYd) (width 0.05))
    (fp_line (start -2.15 1.11) (end -2.15 -1.1) (layer B.CrtYd) (width 0.05))
    (fp_line (start 2.15 -1.1) (end 2.15 1.11) (layer B.CrtYd) (width 0.05))
    (fp_line (start 2.15 -1.1) (end -2.15 -1.1) (layer B.CrtYd) (width 0.05))
    (pad 1 smd rect (at -1.45 0 180) (size 0.9 1.7) (layers B.Cu B.Paste B.Mask)
      (net 16 "Net-(J1-Pad7)"))
    (pad 2 smd rect (at 1.45 0 180) (size 0.9 1.7) (layers B.Cu B.Paste B.Mask)
      (net 8 "Net-(D7-Pad2)"))
    (model ${KISYS3DMOD}/Resistors_SMD.3dshapes/R_1206.wrl
      (at (xyz 0 0 0))
      (scale (xyz 1 1 1))
      (rotate (xyz 0 0 0))
    )
  )

  (module Resistors_SMD:R_1206 (layer B.Cu) (tedit 5D4075F1) (tstamp 5D51C223)
    (at 142.76 96.569 180)
    (descr "Resistor SMD 1206, reflow soldering, Vishay (see dcrcw.pdf)")
    (tags "resistor 1206")
    (path /5D3F8841)
    (attr smd)
    (fp_text reference R8 (at 2.75598 -0.150572 180) (layer B.SilkS)
      (effects (font (size 0.5 0.5) (thickness 0.125)) (justify mirror))
    )
    (fp_text value 220 (at 0 0.103428 180) (layer B.Fab)
      (effects (font (size 0.5 0.5) (thickness 0.125)) (justify mirror))
    )
    (fp_line (start 2.15 -1.1) (end -2.15 -1.1) (layer B.CrtYd) (width 0.05))
    (fp_line (start 2.15 -1.1) (end 2.15 1.11) (layer B.CrtYd) (width 0.05))
    (fp_line (start -2.15 1.11) (end -2.15 -1.1) (layer B.CrtYd) (width 0.05))
    (fp_line (start -2.15 1.11) (end 2.15 1.11) (layer B.CrtYd) (width 0.05))
    (fp_line (start -1 1.07) (end 1 1.07) (layer B.SilkS) (width 0.12))
    (fp_line (start 1 -1.07) (end -1 -1.07) (layer B.SilkS) (width 0.12))
    (fp_line (start -1.6 0.8) (end 1.6 0.8) (layer B.Fab) (width 0.1))
    (fp_line (start 1.6 0.8) (end 1.6 -0.8) (layer B.Fab) (width 0.1))
    (fp_line (start 1.6 -0.8) (end -1.6 -0.8) (layer B.Fab) (width 0.1))
    (fp_line (start -1.6 -0.8) (end -1.6 0.8) (layer B.Fab) (width 0.1))
    (fp_text user %R (at 2.75598 -0.150572 180) (layer B.Fab)
      (effects (font (size 0.5 0.5) (thickness 0.105)) (justify mirror))
    )
    (pad 2 smd rect (at 1.45 0 180) (size 0.9 1.7) (layers B.Cu B.Paste B.Mask)
      (net 9 "Net-(D8-Pad2)"))
    (pad 1 smd rect (at -1.45 0 180) (size 0.9 1.7) (layers B.Cu B.Paste B.Mask)
      (net 17 "Net-(J1-Pad8)"))
    (model ${KISYS3DMOD}/Resistors_SMD.3dshapes/R_1206.wrl
      (at (xyz 0 0 0))
      (scale (xyz 1 1 1))
      (rotate (xyz 0 0 0))
    )
  )

  (module LEDs:LED_0603 (layer F.Cu) (tedit 5D51AA38) (tstamp 5D4ACDF4)
    (at 140.589 78.74)
    (descr "LED 0603 smd package")
    (tags "LED led 0603 SMD smd SMT smt smdled SMDLED smtled SMTLED")
    (path /5D3F8284)
    (attr smd)
    (fp_text reference D1 (at 0 -1.016) (layer F.SilkS)
      (effects (font (size 0.5 0.5) (thickness 0.125)))
    )
    (fp_text value P0 (at -0.762 0.0508) (layer F.Fab)
      (effects (font (size 0.5 0.5) (thickness 0.125)))
    )
    (fp_line (start -1.3 -0.5) (end -1.3 0.5) (layer F.SilkS) (width 0.12))
    (fp_line (start -0.2 -0.2) (end -0.2 0.2) (layer F.Fab) (width 0.1))
    (fp_line (start -0.15 0) (end 0.15 -0.2) (layer F.Fab) (width 0.1))
    (fp_line (start 0.15 0.2) (end -0.15 0) (layer F.Fab) (width 0.1))
    (fp_line (start 0.15 -0.2) (end 0.15 0.2) (layer F.Fab) (width 0.1))
    (fp_line (start 0.8 0.4) (end -0.8 0.4) (layer F.Fab) (width 0.1))
    (fp_line (start 0.8 -0.4) (end 0.8 0.4) (layer F.Fab) (width 0.1))
    (fp_line (start -0.8 -0.4) (end 0.8 -0.4) (layer F.Fab) (width 0.1))
    (fp_line (start -0.8 0.4) (end -0.8 -0.4) (layer F.Fab) (width 0.1))
    (fp_line (start -1.3 0.5) (end 0.8 0.5) (layer F.SilkS) (width 0.12))
    (fp_line (start -1.3 -0.5) (end 0.8 -0.5) (layer F.SilkS) (width 0.12))
    (fp_line (start 1.45 -0.65) (end 1.45 0.65) (layer F.CrtYd) (width 0.05))
    (fp_line (start 1.45 0.65) (end -1.45 0.65) (layer F.CrtYd) (width 0.05))
    (fp_line (start -1.45 0.65) (end -1.45 -0.65) (layer F.CrtYd) (width 0.05))
    (fp_line (start -1.45 -0.65) (end 1.45 -0.65) (layer F.CrtYd) (width 0.05))
    (pad 2 smd rect (at 0.8 0 180) (size 0.8 0.8) (layers F.Cu F.Paste F.Mask)
      (net 2 "Net-(D1-Pad2)"))
    (pad 1 smd rect (at -0.8 0 180) (size 0.8 0.8) (layers F.Cu F.Paste F.Mask)
      (net 1 GND))
    (model ${KISYS3DMOD}/LEDs.3dshapes/LED_0603.wrl
      (at (xyz 0 0 0))
      (scale (xyz 1 1 1))
      (rotate (xyz 0 0 180))
    )
  )

  (module LEDs:LED_0603 (layer F.Cu) (tedit 5D51AA41) (tstamp 5D4ACE08)
    (at 140.589 81.28)
    (descr "LED 0603 smd package")
    (tags "LED led 0603 SMD smd SMT smt smdled SMDLED smtled SMTLED")
    (path /5D3F8260)
    (attr smd)
    (fp_text reference D2 (at 0 -1.016) (layer F.SilkS)
      (effects (font (size 0.5 0.5) (thickness 0.125)))
    )
    (fp_text value P1 (at -0.762 0.0508) (layer F.Fab)
      (effects (font (size 0.5 0.5) (thickness 0.125)))
    )
    (fp_line (start -1.45 -0.65) (end 1.45 -0.65) (layer F.CrtYd) (width 0.05))
    (fp_line (start -1.45 0.65) (end -1.45 -0.65) (layer F.CrtYd) (width 0.05))
    (fp_line (start 1.45 0.65) (end -1.45 0.65) (layer F.CrtYd) (width 0.05))
    (fp_line (start 1.45 -0.65) (end 1.45 0.65) (layer F.CrtYd) (width 0.05))
    (fp_line (start -1.3 -0.5) (end 0.8 -0.5) (layer F.SilkS) (width 0.12))
    (fp_line (start -1.3 0.5) (end 0.8 0.5) (layer F.SilkS) (width 0.12))
    (fp_line (start -0.8 0.4) (end -0.8 -0.4) (layer F.Fab) (width 0.1))
    (fp_line (start -0.8 -0.4) (end 0.8 -0.4) (layer F.Fab) (width 0.1))
    (fp_line (start 0.8 -0.4) (end 0.8 0.4) (layer F.Fab) (width 0.1))
    (fp_line (start 0.8 0.4) (end -0.8 0.4) (layer F.Fab) (width 0.1))
    (fp_line (start 0.15 -0.2) (end 0.15 0.2) (layer F.Fab) (width 0.1))
    (fp_line (start 0.15 0.2) (end -0.15 0) (layer F.Fab) (width 0.1))
    (fp_line (start -0.15 0) (end 0.15 -0.2) (layer F.Fab) (width 0.1))
    (fp_line (start -0.2 -0.2) (end -0.2 0.2) (layer F.Fab) (width 0.1))
    (fp_line (start -1.3 -0.5) (end -1.3 0.5) (layer F.SilkS) (width 0.12))
    (pad 1 smd rect (at -0.8 0 180) (size 0.8 0.8) (layers F.Cu F.Paste F.Mask)
      (net 1 GND))
    (pad 2 smd rect (at 0.8 0 180) (size 0.8 0.8) (layers F.Cu F.Paste F.Mask)
      (net 3 "Net-(D2-Pad2)"))
    (model ${KISYS3DMOD}/LEDs.3dshapes/LED_0603.wrl
      (at (xyz 0 0 0))
      (scale (xyz 1 1 1))
      (rotate (xyz 0 0 180))
    )
  )

  (module LEDs:LED_0603 (layer F.Cu) (tedit 5D51AA4C) (tstamp 5D4ACE1C)
    (at 140.589 83.82)
    (descr "LED 0603 smd package")
    (tags "LED led 0603 SMD smd SMT smt smdled SMDLED smtled SMTLED")
    (path /5D3F823A)
    (attr smd)
    (fp_text reference D3 (at 0.254 -1.016) (layer F.SilkS)
      (effects (font (size 0.5 0.5) (thickness 0.125)))
    )
    (fp_text value P2 (at -0.762 0) (layer F.Fab)
      (effects (font (size 0.5 0.5) (thickness 0.125)))
    )
    (fp_line (start -1.3 -0.5) (end -1.3 0.5) (layer F.SilkS) (width 0.12))
    (fp_line (start -0.2 -0.2) (end -0.2 0.2) (layer F.Fab) (width 0.1))
    (fp_line (start -0.15 0) (end 0.15 -0.2) (layer F.Fab) (width 0.1))
    (fp_line (start 0.15 0.2) (end -0.15 0) (layer F.Fab) (width 0.1))
    (fp_line (start 0.15 -0.2) (end 0.15 0.2) (layer F.Fab) (width 0.1))
    (fp_line (start 0.8 0.4) (end -0.8 0.4) (layer F.Fab) (width 0.1))
    (fp_line (start 0.8 -0.4) (end 0.8 0.4) (layer F.Fab) (width 0.1))
    (fp_line (start -0.8 -0.4) (end 0.8 -0.4) (layer F.Fab) (width 0.1))
    (fp_line (start -0.8 0.4) (end -0.8 -0.4) (layer F.Fab) (width 0.1))
    (fp_line (start -1.3 0.5) (end 0.8 0.5) (layer F.SilkS) (width 0.12))
    (fp_line (start -1.3 -0.5) (end 0.8 -0.5) (layer F.SilkS) (width 0.12))
    (fp_line (start 1.45 -0.65) (end 1.45 0.65) (layer F.CrtYd) (width 0.05))
    (fp_line (start 1.45 0.65) (end -1.45 0.65) (layer F.CrtYd) (width 0.05))
    (fp_line (start -1.45 0.65) (end -1.45 -0.65) (layer F.CrtYd) (width 0.05))
    (fp_line (start -1.45 -0.65) (end 1.45 -0.65) (layer F.CrtYd) (width 0.05))
    (pad 2 smd rect (at 0.8 0 180) (size 0.8 0.8) (layers F.Cu F.Paste F.Mask)
      (net 4 "Net-(D3-Pad2)"))
    (pad 1 smd rect (at -0.8 0 180) (size 0.8 0.8) (layers F.Cu F.Paste F.Mask)
      (net 1 GND))
    (model ${KISYS3DMOD}/LEDs.3dshapes/LED_0603.wrl
      (at (xyz 0 0 0))
      (scale (xyz 1 1 1))
      (rotate (xyz 0 0 180))
    )
  )

  (module LEDs:LED_0603 (layer F.Cu) (tedit 5D51AA57) (tstamp 5D4ACE30)
    (at 140.589 86.36)
    (descr "LED 0603 smd package")
    (tags "LED led 0603 SMD smd SMT smt smdled SMDLED smtled SMTLED")
    (path /5D3F8216)
    (attr smd)
    (fp_text reference D4 (at 0.254 -1.016) (layer F.SilkS)
      (effects (font (size 0.5 0.5) (thickness 0.125)))
    )
    (fp_text value P3 (at -0.762 0) (layer F.Fab)
      (effects (font (size 0.5 0.5) (thickness 0.125)))
    )
    (fp_line (start -1.45 -0.65) (end 1.45 -0.65) (layer F.CrtYd) (width 0.05))
    (fp_line (start -1.45 0.65) (end -1.45 -0.65) (layer F.CrtYd) (width 0.05))
    (fp_line (start 1.45 0.65) (end -1.45 0.65) (layer F.CrtYd) (width 0.05))
    (fp_line (start 1.45 -0.65) (end 1.45 0.65) (layer F.CrtYd) (width 0.05))
    (fp_line (start -1.3 -0.5) (end 0.8 -0.5) (layer F.SilkS) (width 0.12))
    (fp_line (start -1.3 0.5) (end 0.8 0.5) (layer F.SilkS) (width 0.12))
    (fp_line (start -0.8 0.4) (end -0.8 -0.4) (layer F.Fab) (width 0.1))
    (fp_line (start -0.8 -0.4) (end 0.8 -0.4) (layer F.Fab) (width 0.1))
    (fp_line (start 0.8 -0.4) (end 0.8 0.4) (layer F.Fab) (width 0.1))
    (fp_line (start 0.8 0.4) (end -0.8 0.4) (layer F.Fab) (width 0.1))
    (fp_line (start 0.15 -0.2) (end 0.15 0.2) (layer F.Fab) (width 0.1))
    (fp_line (start 0.15 0.2) (end -0.15 0) (layer F.Fab) (width 0.1))
    (fp_line (start -0.15 0) (end 0.15 -0.2) (layer F.Fab) (width 0.1))
    (fp_line (start -0.2 -0.2) (end -0.2 0.2) (layer F.Fab) (width 0.1))
    (fp_line (start -1.3 -0.5) (end -1.3 0.5) (layer F.SilkS) (width 0.12))
    (pad 1 smd rect (at -0.8 0 180) (size 0.8 0.8) (layers F.Cu F.Paste F.Mask)
      (net 1 GND))
    (pad 2 smd rect (at 0.8 0 180) (size 0.8 0.8) (layers F.Cu F.Paste F.Mask)
      (net 5 "Net-(D4-Pad2)"))
    (model ${KISYS3DMOD}/LEDs.3dshapes/LED_0603.wrl
      (at (xyz 0 0 0))
      (scale (xyz 1 1 1))
      (rotate (xyz 0 0 180))
    )
  )

  (module LEDs:LED_0603 (layer F.Cu) (tedit 5D51AA5F) (tstamp 5D4ACE44)
    (at 140.589 88.9)
    (descr "LED 0603 smd package")
    (tags "LED led 0603 SMD smd SMT smt smdled SMDLED smtled SMTLED")
    (path /5D3F81F0)
    (attr smd)
    (fp_text reference D5 (at 0.254 -1.016) (layer F.SilkS)
      (effects (font (size 0.5 0.5) (thickness 0.125)))
    )
    (fp_text value P4 (at -0.762 0) (layer F.Fab)
      (effects (font (size 0.5 0.5) (thickness 0.125)))
    )
    (fp_line (start -1.3 -0.5) (end -1.3 0.5) (layer F.SilkS) (width 0.12))
    (fp_line (start -0.2 -0.2) (end -0.2 0.2) (layer F.Fab) (width 0.1))
    (fp_line (start -0.15 0) (end 0.15 -0.2) (layer F.Fab) (width 0.1))
    (fp_line (start 0.15 0.2) (end -0.15 0) (layer F.Fab) (width 0.1))
    (fp_line (start 0.15 -0.2) (end 0.15 0.2) (layer F.Fab) (width 0.1))
    (fp_line (start 0.8 0.4) (end -0.8 0.4) (layer F.Fab) (width 0.1))
    (fp_line (start 0.8 -0.4) (end 0.8 0.4) (layer F.Fab) (width 0.1))
    (fp_line (start -0.8 -0.4) (end 0.8 -0.4) (layer F.Fab) (width 0.1))
    (fp_line (start -0.8 0.4) (end -0.8 -0.4) (layer F.Fab) (width 0.1))
    (fp_line (start -1.3 0.5) (end 0.8 0.5) (layer F.SilkS) (width 0.12))
    (fp_line (start -1.3 -0.5) (end 0.8 -0.5) (layer F.SilkS) (width 0.12))
    (fp_line (start 1.45 -0.65) (end 1.45 0.65) (layer F.CrtYd) (width 0.05))
    (fp_line (start 1.45 0.65) (end -1.45 0.65) (layer F.CrtYd) (width 0.05))
    (fp_line (start -1.45 0.65) (end -1.45 -0.65) (layer F.CrtYd) (width 0.05))
    (fp_line (start -1.45 -0.65) (end 1.45 -0.65) (layer F.CrtYd) (width 0.05))
    (pad 2 smd rect (at 0.8 0 180) (size 0.8 0.8) (layers F.Cu F.Paste F.Mask)
      (net 6 "Net-(D5-Pad2)"))
    (pad 1 smd rect (at -0.8 0 180) (size 0.8 0.8) (layers F.Cu F.Paste F.Mask)
      (net 1 GND))
    (model ${KISYS3DMOD}/LEDs.3dshapes/LED_0603.wrl
      (at (xyz 0 0 0))
      (scale (xyz 1 1 1))
      (rotate (xyz 0 0 180))
    )
  )

  (module LEDs:LED_0603 (layer F.Cu) (tedit 5D51AA67) (tstamp 5D4ACE58)
    (at 140.589 91.44)
    (descr "LED 0603 smd package")
    (tags "LED led 0603 SMD smd SMT smt smdled SMDLED smtled SMTLED")
    (path /5D3F81D2)
    (attr smd)
    (fp_text reference D6 (at 0.254 -1.016) (layer F.SilkS)
      (effects (font (size 0.5 0.5) (thickness 0.125)))
    )
    (fp_text value P5 (at -0.762 0) (layer F.Fab)
      (effects (font (size 0.5 0.5) (thickness 0.125)))
    )
    (fp_line (start -1.45 -0.65) (end 1.45 -0.65) (layer F.CrtYd) (width 0.05))
    (fp_line (start -1.45 0.65) (end -1.45 -0.65) (layer F.CrtYd) (width 0.05))
    (fp_line (start 1.45 0.65) (end -1.45 0.65) (layer F.CrtYd) (width 0.05))
    (fp_line (start 1.45 -0.65) (end 1.45 0.65) (layer F.CrtYd) (width 0.05))
    (fp_line (start -1.3 -0.5) (end 0.8 -0.5) (layer F.SilkS) (width 0.12))
    (fp_line (start -1.3 0.5) (end 0.8 0.5) (layer F.SilkS) (width 0.12))
    (fp_line (start -0.8 0.4) (end -0.8 -0.4) (layer F.Fab) (width 0.1))
    (fp_line (start -0.8 -0.4) (end 0.8 -0.4) (layer F.Fab) (width 0.1))
    (fp_line (start 0.8 -0.4) (end 0.8 0.4) (layer F.Fab) (width 0.1))
    (fp_line (start 0.8 0.4) (end -0.8 0.4) (layer F.Fab) (width 0.1))
    (fp_line (start 0.15 -0.2) (end 0.15 0.2) (layer F.Fab) (width 0.1))
    (fp_line (start 0.15 0.2) (end -0.15 0) (layer F.Fab) (width 0.1))
    (fp_line (start -0.15 0) (end 0.15 -0.2) (layer F.Fab) (width 0.1))
    (fp_line (start -0.2 -0.2) (end -0.2 0.2) (layer F.Fab) (width 0.1))
    (fp_line (start -1.3 -0.5) (end -1.3 0.5) (layer F.SilkS) (width 0.12))
    (pad 1 smd rect (at -0.8 0 180) (size 0.8 0.8) (layers F.Cu F.Paste F.Mask)
      (net 1 GND))
    (pad 2 smd rect (at 0.8 0 180) (size 0.8 0.8) (layers F.Cu F.Paste F.Mask)
      (net 7 "Net-(D6-Pad2)"))
    (model ${KISYS3DMOD}/LEDs.3dshapes/LED_0603.wrl
      (at (xyz 0 0 0))
      (scale (xyz 1 1 1))
      (rotate (xyz 0 0 180))
    )
  )

  (module LEDs:LED_0603 (layer F.Cu) (tedit 5D51AA70) (tstamp 5D4ACE6C)
    (at 140.589 93.98)
    (descr "LED 0603 smd package")
    (tags "LED led 0603 SMD smd SMT smt smdled SMDLED smtled SMTLED")
    (path /5D3F81AE)
    (attr smd)
    (fp_text reference D7 (at 0.254 -1.016) (layer F.SilkS)
      (effects (font (size 0.5 0.5) (thickness 0.125)))
    )
    (fp_text value P6 (at -0.762 0) (layer F.Fab)
      (effects (font (size 0.5 0.5) (thickness 0.125)))
    )
    (fp_line (start -1.3 -0.5) (end -1.3 0.5) (layer F.SilkS) (width 0.12))
    (fp_line (start -0.2 -0.2) (end -0.2 0.2) (layer F.Fab) (width 0.1))
    (fp_line (start -0.15 0) (end 0.15 -0.2) (layer F.Fab) (width 0.1))
    (fp_line (start 0.15 0.2) (end -0.15 0) (layer F.Fab) (width 0.1))
    (fp_line (start 0.15 -0.2) (end 0.15 0.2) (layer F.Fab) (width 0.1))
    (fp_line (start 0.8 0.4) (end -0.8 0.4) (layer F.Fab) (width 0.1))
    (fp_line (start 0.8 -0.4) (end 0.8 0.4) (layer F.Fab) (width 0.1))
    (fp_line (start -0.8 -0.4) (end 0.8 -0.4) (layer F.Fab) (width 0.1))
    (fp_line (start -0.8 0.4) (end -0.8 -0.4) (layer F.Fab) (width 0.1))
    (fp_line (start -1.3 0.5) (end 0.8 0.5) (layer F.SilkS) (width 0.12))
    (fp_line (start -1.3 -0.5) (end 0.8 -0.5) (layer F.SilkS) (width 0.12))
    (fp_line (start 1.45 -0.65) (end 1.45 0.65) (layer F.CrtYd) (width 0.05))
    (fp_line (start 1.45 0.65) (end -1.45 0.65) (layer F.CrtYd) (width 0.05))
    (fp_line (start -1.45 0.65) (end -1.45 -0.65) (layer F.CrtYd) (width 0.05))
    (fp_line (start -1.45 -0.65) (end 1.45 -0.65) (layer F.CrtYd) (width 0.05))
    (pad 2 smd rect (at 0.8 0 180) (size 0.8 0.8) (layers F.Cu F.Paste F.Mask)
      (net 8 "Net-(D7-Pad2)"))
    (pad 1 smd rect (at -0.8 0 180) (size 0.8 0.8) (layers F.Cu F.Paste F.Mask)
      (net 1 GND))
    (model ${KISYS3DMOD}/LEDs.3dshapes/LED_0603.wrl
      (at (xyz 0 0 0))
      (scale (xyz 1 1 1))
      (rotate (xyz 0 0 180))
    )
  )

  (module LEDs:LED_0603 (layer F.Cu) (tedit 5D51AA77) (tstamp 5D4ACE80)
    (at 140.589 96.52)
    (descr "LED 0603 smd package")
    (tags "LED led 0603 SMD smd SMT smt smdled SMDLED smtled SMTLED")
    (path /5D3F7E0F)
    (attr smd)
    (fp_text reference D8 (at 0.254 -1.016) (layer F.SilkS)
      (effects (font (size 0.5 0.5) (thickness 0.125)))
    )
    (fp_text value P7 (at -0.762 0.0508) (layer F.Fab)
      (effects (font (size 0.5 0.5) (thickness 0.125)))
    )
    (fp_line (start -1.45 -0.65) (end 1.45 -0.65) (layer F.CrtYd) (width 0.05))
    (fp_line (start -1.45 0.65) (end -1.45 -0.65) (layer F.CrtYd) (width 0.05))
    (fp_line (start 1.45 0.65) (end -1.45 0.65) (layer F.CrtYd) (width 0.05))
    (fp_line (start 1.45 -0.65) (end 1.45 0.65) (layer F.CrtYd) (width 0.05))
    (fp_line (start -1.3 -0.5) (end 0.8 -0.5) (layer F.SilkS) (width 0.12))
    (fp_line (start -1.3 0.5) (end 0.8 0.5) (layer F.SilkS) (width 0.12))
    (fp_line (start -0.8 0.4) (end -0.8 -0.4) (layer F.Fab) (width 0.1))
    (fp_line (start -0.8 -0.4) (end 0.8 -0.4) (layer F.Fab) (width 0.1))
    (fp_line (start 0.8 -0.4) (end 0.8 0.4) (layer F.Fab) (width 0.1))
    (fp_line (start 0.8 0.4) (end -0.8 0.4) (layer F.Fab) (width 0.1))
    (fp_line (start 0.15 -0.2) (end 0.15 0.2) (layer F.Fab) (width 0.1))
    (fp_line (start 0.15 0.2) (end -0.15 0) (layer F.Fab) (width 0.1))
    (fp_line (start -0.15 0) (end 0.15 -0.2) (layer F.Fab) (width 0.1))
    (fp_line (start -0.2 -0.2) (end -0.2 0.2) (layer F.Fab) (width 0.1))
    (fp_line (start -1.3 -0.5) (end -1.3 0.5) (layer F.SilkS) (width 0.12))
    (pad 1 smd rect (at -0.8 0 180) (size 0.8 0.8) (layers F.Cu F.Paste F.Mask)
      (net 1 GND))
    (pad 2 smd rect (at 0.8 0 180) (size 0.8 0.8) (layers F.Cu F.Paste F.Mask)
      (net 9 "Net-(D8-Pad2)"))
    (model ${KISYS3DMOD}/LEDs.3dshapes/LED_0603.wrl
      (at (xyz 0 0 0))
      (scale (xyz 1 1 1))
      (rotate (xyz 0 0 180))
    )
  )

  (dimension 23.114 (width 0.3) (layer Dwgs.User)
    (gr_text "23.114 mm" (at 133.282 88.773 270) (layer Dwgs.User)
      (effects (font (size 1.5 1.5) (thickness 0.3)))
    )
    (feature1 (pts (xy 139.446 100.33) (xy 134.795579 100.33)))
    (feature2 (pts (xy 139.446 77.216) (xy 134.795579 77.216)))
    (crossbar (pts (xy 135.382 77.216) (xy 135.382 100.33)))
    (arrow1a (pts (xy 135.382 100.33) (xy 134.795579 99.203496)))
    (arrow1b (pts (xy 135.382 100.33) (xy 135.968421 99.203496)))
    (arrow2a (pts (xy 135.382 77.216) (xy 134.795579 78.342504)))
    (arrow2b (pts (xy 135.382 77.216) (xy 135.968421 78.342504)))
  )
  (dimension 9.144 (width 0.3) (layer Dwgs.User)
    (gr_text "9.144 mm" (at 143.51 71.052) (layer Dwgs.User)
      (effects (font (size 1.5 1.5) (thickness 0.3)))
    )
    (feature1 (pts (xy 148.082 77.724) (xy 148.082 72.565579)))
    (feature2 (pts (xy 138.938 77.724) (xy 138.938 72.565579)))
    (crossbar (pts (xy 138.938 73.152) (xy 148.082 73.152)))
    (arrow1a (pts (xy 148.082 73.152) (xy 146.955496 73.738421)))
    (arrow1b (pts (xy 148.082 73.152) (xy 146.955496 72.565579)))
    (arrow2a (pts (xy 138.938 73.152) (xy 140.064504 73.738421)))
    (arrow2b (pts (xy 138.938 73.152) (xy 140.064504 72.565579)))
  )
  (gr_line (start 139.4714 77.216) (end 147.447 77.216) (layer Edge.Cuts) (width 0.15))
  (gr_line (start 139.5984 100.457) (end 147.574 100.457) (layer Edge.Cuts) (width 0.2))
  (gr_line (start 138.973443 99.938507) (end 138.973443 77.840507) (layer Edge.Cuts) (width 0.2) (tstamp 5D51C468))
  (gr_arc (start 139.466275 77.717299) (end 139.466275 77.209299) (angle -104.0362435) (layer Edge.Cuts) (width 0.15) (tstamp 5D51C467))
  (gr_arc (start 139.481443 99.953675) (end 138.973443 99.953675) (angle -104.0362435) (layer Edge.Cuts) (width 0.15) (tstamp 5D51C466))
  (gr_arc (start 147.589168 99.945208) (end 147.589168 100.453208) (angle -104.0362435) (layer Edge.Cuts) (width 0.15) (tstamp 5D42ADC7))
  (gr_arc (start 147.574 77.708832) (end 148.082 77.708832) (angle -104.0362435) (layer Edge.Cuts) (width 0.15))
  (gr_text GND (at 143.256 99.06) (layer F.SilkS) (tstamp 5D42ACBF)
    (effects (font (size 1.5 1.5) (thickness 0.3)))
  )
  (gr_text P7 (at 144.018 96.52) (layer F.SilkS) (tstamp 5D42ACBD)
    (effects (font (size 1.5 1.5) (thickness 0.3)))
  )
  (gr_text P6 (at 144.018 93.98) (layer F.SilkS) (tstamp 5D42ACBB)
    (effects (font (size 1.5 1.5) (thickness 0.3)))
  )
  (gr_text P5 (at 144.018 91.44) (layer F.SilkS) (tstamp 5D42ACB9)
    (effects (font (size 1.5 1.5) (thickness 0.3)))
  )
  (gr_text P4 (at 144.018 88.9) (layer F.SilkS) (tstamp 5D42ACB7)
    (effects (font (size 1.5 1.5) (thickness 0.3)))
  )
  (gr_text P3 (at 144.018 86.36) (layer F.SilkS) (tstamp 5D42ACB5)
    (effects (font (size 1.5 1.5) (thickness 0.3)))
  )
  (gr_text P2 (at 144.018 83.82) (layer F.SilkS) (tstamp 5D42ACB3)
    (effects (font (size 1.5 1.5) (thickness 0.3)))
  )
  (gr_text P1 (at 144.018 81.28) (layer F.SilkS) (tstamp 5D42ACB1)
    (effects (font (size 1.5 1.5) (thickness 0.3)))
  )
  (gr_text P0 (at 144.018 78.74) (layer F.SilkS) (tstamp 5D51C73A)
    (effects (font (size 1.5 1.5) (thickness 0.3)))
  )
  (gr_line (start 148.082 77.724) (end 148.082 99.822) (layer Edge.Cuts) (width 0.2))

  (segment (start 139.789 93.98) (end 139.789 95.62) (width 0.5) (layer F.Cu) (net 1))
  (segment (start 139.789 91.44) (end 139.789 93.98) (width 0.5) (layer F.Cu) (net 1))
  (segment (start 139.789 96.52) (end 139.789 95.62) (width 0.5) (layer F.Cu) (net 1))
  (segment (start 139.789 96.52) (end 142.2256 98.9566) (width 0.5) (layer F.Cu) (net 1))
  (segment (start 142.2256 98.9566) (end 146.7 98.9566) (width 0.5) (layer F.Cu) (net 1))
  (segment (start 139.789 81.28) (end 139.789 78.74) (width 0.5) (layer F.Cu) (net 1))
  (segment (start 139.789 83.82) (end 139.789 81.28) (width 0.5) (layer F.Cu) (net 1))
  (segment (start 139.789 86.36) (end 139.789 83.82) (width 0.5) (layer F.Cu) (net 1))
  (segment (start 139.789 88.9) (end 139.789 86.36) (width 0.5) (layer F.Cu) (net 1))
  (segment (start 139.789 91.44) (end 139.789 88.9) (width 0.5) (layer F.Cu) (net 1))
  (segment (start 141.298 78.74) (end 142.248 78.74) (width 0.5) (layer B.Cu) (net 2))
  (segment (start 141.389 78.74) (end 142.289 78.74) (width 0.5) (layer F.Cu) (net 2))
  (segment (start 142.289 78.74) (end 142.289 78.6078) (width 0.5) (layer F.Cu) (net 2))
  (segment (start 142.289 78.6078) (end 142.4065 78.4903) (width 0.5) (layer F.Cu) (net 2))
  (segment (start 142.248 78.74) (end 142.248 78.6488) (width 0.5) (layer B.Cu) (net 2))
  (segment (start 142.248 78.6488) (end 142.4065 78.4903) (width 0.5) (layer B.Cu) (net 2))
