(kicad_pcb (version 20171130) (host pcbnew "(5.0.1)-3")

  (general
    (thickness 1.6)
    (drawings 21)
    (tracks 92)
    (zones 0)
    (modules 17)
    (nets 18)
  )

  (page A4)
  (layers
    (0 F.Cu signal)
    (31 B.Cu signal)
    (32 B.Adhes user)
    (33 F.Adhes user)
    (34 B.Paste user)
    (35 F.Paste user)
    (36 B.SilkS user)
    (37 F.SilkS user)
    (38 B.Mask user)
    (39 F.Mask user)
    (40 Dwgs.User user)
    (41 Cmts.User user)
    (42 Eco1.User user)
    (43 Eco2.User user)
    (44 Edge.Cuts user)
    (45 Margin user)
    (46 B.CrtYd user)
    (47 F.CrtYd user)
    (48 B.Fab user)
    (49 F.Fab user)
  )

  (setup
    (last_trace_width 0.25)
    (trace_clearance 0.2)
    (zone_clearance 0.508)
    (zone_45_only no)
    (trace_min 0.2)
    (segment_width 0.2)
    (edge_width 0.15)
    (via_size 0.8)
    (via_drill 0.4)
    (via_min_size 0.4)
    (via_min_drill 0.3)
    (uvia_size 0.3)
    (uvia_drill 0.1)
    (uvias_allowed no)
    (uvia_min_size 0.2)
    (uvia_min_drill 0.1)
    (pcb_text_width 0.3)
    (pcb_text_size 1.5 1.5)
    (mod_edge_width 0.15)
    (mod_text_size 1 1)
    (mod_text_width 0.15)
    (pad_size 1.524 1.524)
    (pad_drill 0.762)
    (pad_to_mask_clearance 0.051)
    (solder_mask_min_width 0.25)
    (aux_axis_origin 0 0)
    (visible_elements 7FFFFFFF)
    (pcbplotparams
      (layerselection 0x010fc_ffffffff)
      (usegerberextensions false)
      (usegerberattributes false)
      (usegerberadvancedattributes false)
      (creategerberjobfile false)
      (excludeedgelayer true)
      (linewidth 0.100000)
      (plotframeref false)
      (viasonmask false)
      (mode 1)
      (useauxorigin false)
      (hpglpennumber 1)
      (hpglpenspeed 20)
      (hpglpendiameter 15.000000)
      (psnegative false)
      (psa4output false)
      (plotreference true)
      (plotvalue true)
      (plotinvisibletext false)
      (padsonsilk false)
      (subtractmaskfromsilk false)
      (outputformat 1)
      (mirror false)
      (drillshape 0)
      (scaleselection 1)
      (outputdirectory "gerber/"))
  )

  (net 0 "")
  (net 1 GND)
  (net 2 "Net-(D1-Pad2)")
  (net 3 "Net-(D2-Pad2)")
  (net 4 "Net-(D3-Pad2)")
  (net 5 "Net-(D4-Pad2)")
  (net 6 "Net-(D5-Pad2)")
  (net 7 "Net-(D6-Pad2)")
  (net 8 "Net-(D7-Pad2)")
  (net 9 "Net-(D8-Pad2)")
  (net 10 "Net-(J1-Pad1)")
  (net 11 "Net-(J1-Pad2)")
  (net 12 "Net-(J1-Pad3)")
  (net 13 "Net-(J1-Pad4)")
  (net 14 "Net-(J1-Pad5)")
  (net 15 "Net-(J1-Pad6)")
  (net 16 "Net-(J1-Pad7)")
  (net 17 "Net-(J1-Pad8)")

  (net_class Default "This is the default net class."
    (clearance 0.2)
    (trace_width 0.25)
    (via_dia 0.8)
    (via_drill 0.4)
    (uvia_dia 0.3)
    (uvia_drill 0.1)
    (add_net GND)
    (add_net "Net-(D1-Pad2)")
    (add_net "Net-(D2-Pad2)")
    (add_net "Net-(D3-Pad2)")
    (add_net "Net-(D4-Pad2)")
    (add_net "Net-(D5-Pad2)")
    (add_net "Net-(D6-Pad2)")
    (add_net "Net-(D7-Pad2)")
    (add_net "Net-(D8-Pad2)")
    (add_net "Net-(J1-Pad1)")
    (add_net "Net-(J1-Pad2)")
    (add_net "Net-(J1-Pad3)")
    (add_net "Net-(J1-Pad4)")
    (add_net "Net-(J1-Pad5)")
    (add_net "Net-(J1-Pad6)")
    (add_net "Net-(J1-Pad7)")
    (add_net "Net-(J1-Pad8)")
  )

  (module w_pin_strip:pin_strip_9 (layer B.Cu) (tedit 5D6D4985) (tstamp 5D417E0B)
    (at 146.7 88.7966 270)
    (descr "Pin strip 9pin")
    (tags "CONN DEV")
    (path /5D3F95D1)
    (fp_text reference J1 (at 8.8664 -0.8105 270) (layer B.SilkS)
      (effects (font (size 0.5 0.5) (thickness 0.125)) (justify mirror))
    )
    (fp_text value Conn_01x09_Female (at 0.254 3.556 270) (layer B.SilkS) hide
      (effects (font (size 1.016 0.889) (thickness 0.2032)) (justify mirror))
    )
    (fp_line (start -8.89 1.27) (end -8.89 -1.27) (layer B.SilkS) (width 0.3048))
    (fp_line (start -11.43 1.27) (end 11.43 1.27) (layer B.SilkS) (width 0.3048))
    (fp_line (start 11.43 1.27) (end 11.43 -1.27) (layer B.SilkS) (width 0.3048))
    (fp_line (start 11.43 -1.27) (end -11.43 -1.27) (layer B.SilkS) (width 0.3048))
    (fp_line (start -11.43 -1.27) (end -11.43 1.27) (layer B.SilkS) (width 0.3048))
    (pad 1 thru_hole rect (at -10.16 0 270) (size 1.524 2.19964) (drill 1.00076) (layers *.Cu *.Mask B.SilkS)
      (net 10 "Net-(J1-Pad1)"))
    (pad 2 thru_hole oval (at -7.62 0 270) (size 1.524 2.19964) (drill 1.00076) (layers *.Cu *.Mask B.SilkS)
      (net 11 "Net-(J1-Pad2)"))
    (pad 3 thru_hole oval (at -5.08 0 270) (size 1.524 2.19964) (drill 1.00076) (layers *.Cu *.Mask B.SilkS)
      (net 12 "Net-(J1-Pad3)"))
    (pad 4 thru_hole oval (at -2.54 0 270) (size 1.524 2.19964) (drill 1.00076) (layers *.Cu *.Mask B.SilkS)
      (net 13 "Net-(J1-Pad4)"))
    (pad 5 thru_hole oval (at 0 0 270) (size 1.524 2.19964) (drill 1.00076) (layers *.Cu *.Mask B.SilkS)
      (net 14 "Net-(J1-Pad5)"))
    (pad 6 thru_hole oval (at 2.54 0 270) (size 1.524 2.19964) (drill 1.00076) (layers *.Cu *.Mask B.SilkS)
      (net 15 "Net-(J1-Pad6)"))
    (pad 7 thru_hole oval (at 5.08 0 270) (size 1.524 2.19964) (drill 1.00076) (layers *.Cu *.Mask B.SilkS)
      (net 16 "Net-(J1-Pad7)"))
    (pad 8 thru_hole oval (at 7.62 0 270) (size 1.524 2.19964) (drill 1.00076) (layers *.Cu *.Mask B.SilkS)
      (net 17 "Net-(J1-Pad8)"))
    (pad 9 thru_hole oval (at 10.16 0 270) (size 1.524 2.19964) (drill 1.00076) (layers *.Cu *.Mask B.SilkS)
      (net 1 GND))
    (model walter/pin_strip/pin_strip_9.wrl
      (at (xyz 0 0 0))
      (scale (xyz 1 1 1))
      (rotate (xyz 0 0 0))
    )
  )

  (module Resistors_SMD:R_1206 (layer B.Cu) (tedit 5D6D4705) (tstamp 5D6D4D9D)
    (at 142.621 78.74 180)
    (descr "Resistor SMD 1206, reflow soldering, Vishay (see dcrcw.pdf)")
    (tags "resistor 1206")
    (path /5D3F82F5)
    (attr smd)
    (fp_text reference R1 (at 0 1.27 180) (layer B.SilkS)
      (effects (font (size 0.25 0.25) (thickness 0.0625)) (justify mirror))
    )
    (fp_text value 220 (at 0 0.103428 180) (layer B.Fab)
      (effects (font (size 0.5 0.5) (thickness 0.125)) (justify mirror))
    )
    (fp_text user %R (at 0 1.27 180) (layer B.Fab)
      (effects (font (size 0.25 0.25) (thickness 0.0625)) (justify mirror))
    )
    (fp_line (start -1.6 -0.8) (end -1.6 0.8) (layer B.Fab) (width 0.1))
    (fp_line (start 1.6 -0.8) (end -1.6 -0.8) (layer B.Fab) (width 0.1))
    (fp_line (start 1.6 0.8) (end 1.6 -0.8) (layer B.Fab) (width 0.1))
    (fp_line (start -1.6 0.8) (end 1.6 0.8) (layer B.Fab) (width 0.1))
    (fp_line (start 1 -1.07) (end -1 -1.07) (layer B.SilkS) (width 0.12))
    (fp_line (start -1 1.07) (end 1 1.07) (layer B.SilkS) (width 0.12))
    (fp_line (start -2.15 1.11) (end 2.15 1.11) (layer B.CrtYd) (width 0.05))
    (fp_line (start -2.15 1.11) (end -2.15 -1.1) (layer B.CrtYd) (width 0.05))
    (fp_line (start 2.15 -1.1) (end 2.15 1.11) (layer B.CrtYd) (width 0.05))
    (fp_line (start 2.15 -1.1) (end -2.15 -1.1) (layer B.CrtYd) (width 0.05))
    (pad 1 smd rect (at -1.45 0 180) (size 0.9 1.7) (layers B.Cu B.Paste B.Mask)
      (net 10 "Net-(J1-Pad1)"))
    (pad 2 smd rect (at 1.45 0 180) (size 0.9 1.7) (layers B.Cu B.Paste B.Mask)
      (net 2 "Net-(D1-Pad2)"))
    (model ${KISYS3DMOD}/Resistors_SMD.3dshapes/R_1206.wrl
      (at (xyz 0 0 0))
      (scale (xyz 1 1 1))
      (rotate (xyz 0 0 0))
    )
  )

  (module Resistors_SMD:R_1206 (layer B.Cu) (tedit 5D6D4798) (tstamp 5D6D62EE)
    (at 142.621 81.28 180)
    (descr "Resistor SMD 1206, reflow soldering, Vishay (see dcrcw.pdf)")
    (tags "resistor 1206")
    (path /5D3F85B5)
    (attr smd)
    (fp_text reference R2 (at 0 1.27 180) (layer B.SilkS)
      (effects (font (size 0.25 0.25) (thickness 0.0625)) (justify mirror))
    )
    (fp_text value 220 (at 0 0.103428 180) (layer B.Fab)
      (effects (font (size 0.5 0.5) (thickness 0.125)) (justify mirror))
    )
    (fp_line (start 2.15 -1.1) (end -2.15 -1.1) (layer B.CrtYd) (width 0.05))
    (fp_line (start 2.15 -1.1) (end 2.15 1.11) (layer B.CrtYd) (width 0.05))
    (fp_line (start -2.15 1.11) (end -2.15 -1.1) (layer B.CrtYd) (width 0.05))
    (fp_line (start -2.15 1.11) (end 2.15 1.11) (layer B.CrtYd) (width 0.05))
    (fp_line (start -1 1.07) (end 1 1.07) (layer B.SilkS) (width 0.12))
    (fp_line (start 1 -1.07) (end -1 -1.07) (layer B.SilkS) (width 0.12))
    (fp_line (start -1.6 0.8) (end 1.6 0.8) (layer B.Fab) (width 0.1))
    (fp_line (start 1.6 0.8) (end 1.6 -0.8) (layer B.Fab) (width 0.1))
    (fp_line (start 1.6 -0.8) (end -1.6 -0.8) (layer B.Fab) (width 0.1))
    (fp_line (start -1.6 -0.8) (end -1.6 0.8) (layer B.Fab) (width 0.1))
    (fp_text user %R (at 0 1.27 180) (layer B.Fab)
      (effects (font (size 0.25 0.25) (thickness 0.0625)) (justify mirror))
    )
    (pad 2 smd rect (at 1.45 0 180) (size 0.9 1.7) (layers B.Cu B.Paste B.Mask)
      (net 3 "Net-(D2-Pad2)"))
    (pad 1 smd rect (at -1.45 0 180) (size 0.9 1.7) (layers B.Cu B.Paste B.Mask)
      (net 11 "Net-(J1-Pad2)"))
    (model ${KISYS3DMOD}/Resistors_SMD.3dshapes/R_1206.wrl
      (at (xyz 0 0 0))
      (scale (xyz 1 1 1))
      (rotate (xyz 0 0 0))
    )
  )

  (module Resistors_SMD:R_1206 (layer B.Cu) (tedit 5D6D47B2) (tstamp 5D51C193)
    (at 142.621 83.82 180)
    (descr "Resistor SMD 1206, reflow soldering, Vishay (see dcrcw.pdf)")
    (tags "resistor 1206")
    (path /5D3F8697)
    (attr smd)
    (fp_text reference R3 (at 0 1.27 180) (layer B.SilkS)
      (effects (font (size 0.25 0.25) (thickness 0.0625)) (justify mirror))
    )
    (fp_text value 220 (at 0 0.103428 180) (layer B.Fab)
      (effects (font (size 0.5 0.5) (thickness 0.125)) (justify mirror))
    )
    (fp_text user %R (at 0 1.27 180) (layer B.Fab)
      (effects (font (size 0.25 0.25) (thickness 0.0625)) (justify mirror))
    )
    (fp_line (start -1.6 -0.8) (end -1.6 0.8) (layer B.Fab) (width 0.1))
    (fp_line (start 1.6 -0.8) (end -1.6 -0.8) (layer B.Fab) (width 0.1))
    (fp_line (start 1.6 0.8) (end 1.6 -0.8) (layer B.Fab) (width 0.1))
    (fp_line (start -1.6 0.8) (end 1.6 0.8) (layer B.Fab) (width 0.1))
    (fp_line (start 1 -1.07) (end -1 -1.07) (layer B.SilkS) (width 0.12))
    (fp_line (start -1 1.07) (end 1 1.07) (layer B.SilkS) (width 0.12))
    (fp_line (start -2.15 1.11) (end 2.15 1.11) (layer B.CrtYd) (width 0.05))
    (fp_line (start -2.15 1.11) (end -2.15 -1.1) (layer B.CrtYd) (width 0.05))
    (fp_line (start 2.15 -1.1) (end 2.15 1.11) (layer B.CrtYd) (width 0.05))
    (fp_line (start 2.15 -1.1) (end -2.15 -1.1) (layer B.CrtYd) (width 0.05))
    (pad 1 smd rect (at -1.45 0 180) (size 0.9 1.7) (layers B.Cu B.Paste B.Mask)
      (net 12 "Net-(J1-Pad3)"))
    (pad 2 smd rect (at 1.45 0 180) (size 0.9 1.7) (layers B.Cu B.Paste B.Mask)
      (net 4 "Net-(D3-Pad2)"))
    (model ${KISYS3DMOD}/Resistors_SMD.3dshapes/R_1206.wrl
      (at (xyz 0 0 0))
      (scale (xyz 1 1 1))
      (rotate (xyz 0 0 0))
    )
  )

  (module Resistors_SMD:R_1206 (layer B.Cu) (tedit 5D6D47CF) (tstamp 5D51C2E3)
    (at 142.621 86.36 180)
    (descr "Resistor SMD 1206, reflow soldering, Vishay (see dcrcw.pdf)")
    (tags "resistor 1206")
    (path /5D3F86CD)
    (attr smd)
    (fp_text reference R4 (at 0 1.27 180) (layer B.SilkS)
      (effects (font (size 0.25 0.25) (thickness 0.0625)) (justify mirror))
    )
    (fp_text value 220 (at 0 0.103428 180) (layer B.Fab)
      (effects (font (size 0.5 0.5) (thickness 0.125)) (justify mirror))
    )
    (fp_line (start 2.15 -1.1) (end -2.15 -1.1) (layer B.CrtYd) (width 0.05))
    (fp_line (start 2.15 -1.1) (end 2.15 1.11) (layer B.CrtYd) (width 0.05))
    (fp_line (start -2.15 1.11) (end -2.15 -1.1) (layer B.CrtYd) (width 0.05))
    (fp_line (start -2.15 1.11) (end 2.15 1.11) (layer B.CrtYd) (width 0.05))
    (fp_line (start -1 1.07) (end 1 1.07) (layer B.SilkS) (width 0.12))
    (fp_line (start 1 -1.07) (end -1 -1.07) (layer B.SilkS) (width 0.12))
    (fp_line (start -1.6 0.8) (end 1.6 0.8) (layer B.Fab) (width 0.1))
    (fp_line (start 1.6 0.8) (end 1.6 -0.8) (layer B.Fab) (width 0.1))
    (fp_line (start 1.6 -0.8) (end -1.6 -0.8) (layer B.Fab) (width 0.1))
    (fp_line (start -1.6 -0.8) (end -1.6 0.8) (layer B.Fab) (width 0.1))
    (fp_text user %R (at 0 1.27 180) (layer B.Fab)
      (effects (font (size 0.25 0.25) (thickness 0.0625)) (justify mirror))
    )
    (pad 2 smd rect (at 1.45 0 180) (size 0.9 1.7) (layers B.Cu B.Paste B.Mask)
      (net 5 "Net-(D4-Pad2)"))
    (pad 1 smd rect (at -1.45 0 180) (size 0.9 1.7) (layers B.Cu B.Paste B.Mask)
      (net 13 "Net-(J1-Pad4)"))
    (model ${KISYS3DMOD}/Resistors_SMD.3dshapes/R_1206.wrl
      (at (xyz 0 0 0))
      (scale (xyz 1 1 1))
      (rotate (xyz 0 0 0))
    )
  )

  (module Resistors_SMD:R_1206 (layer B.Cu) (tedit 5D6D47E7) (tstamp 5D51C2B3)
    (at 142.633 88.949 180)
    (descr "Resistor SMD 1206, reflow soldering, Vishay (see dcrcw.pdf)")
    (tags "resistor 1206")
    (path /5D3F8705)
    (attr smd)
    (fp_text reference R5 (at 0.012 1.2555 180) (layer B.SilkS)
      (effects (font (size 0.25 0.25) (thickness 0.0625)) (justify mirror))
    )
    (fp_text value 220 (at 0 0.103428 180) (layer B.Fab)
      (effects (font (size 0.5 0.5) (thickness 0.125)) (justify mirror))
    )
    (fp_text user %R (at 0.012 1.2555 180) (layer B.Fab)
      (effects (font (size 0.25 0.25) (thickness 0.0625)) (justify mirror))
    )
    (fp_line (start -1.6 -0.8) (end -1.6 0.8) (layer B.Fab) (width 0.1))
    (fp_line (start 1.6 -0.8) (end -1.6 -0.8) (layer B.Fab) (width 0.1))
    (fp_line (start 1.6 0.8) (end 1.6 -0.8) (layer B.Fab) (width 0.1))
    (fp_line (start -1.6 0.8) (end 1.6 0.8) (layer B.Fab) (width 0.1))
    (fp_line (start 1 -1.07) (end -1 -1.07) (layer B.SilkS) (width 0.12))
    (fp_line (start -1 1.07) (end 1 1.07) (layer B.SilkS) (width 0.12))
    (fp_line (start -2.15 1.11) (end 2.15 1.11) (layer B.CrtYd) (width 0.05))
    (fp_line (start -2.15 1.11) (end -2.15 -1.1) (layer B.CrtYd) (width 0.05))
    (fp_line (start 2.15 -1.1) (end 2.15 1.11) (layer B.CrtYd) (width 0.05))
    (fp_line (start 2.15 -1.1) (end -2.15 -1.1) (layer B.CrtYd) (width 0.05))
    (pad 1 smd rect (at -1.45 0 180) (size 0.9 1.7) (layers B.Cu B.Paste B.Mask)
      (net 14 "Net-(J1-Pad5)"))
    (pad 2 smd rect (at 1.45 0 180) (size 0.9 1.7) (layers B.Cu B.Paste B.Mask)
      (net 6 "Net-(D5-Pad2)"))
    (model ${KISYS3DMOD}/Resistors_SMD.3dshapes/R_1206.wrl
      (at (xyz 0 0 0))
      (scale (xyz 1 1 1))
      (rotate (xyz 0 0 0))
    )
  )

  (module Resistors_SMD:R_1206 (layer B.Cu) (tedit 5D6D47FE) (tstamp 5D51C283)
    (at 142.633 91.489 180)
    (descr "Resistor SMD 1206, reflow soldering, Vishay (see dcrcw.pdf)")
    (tags "resistor 1206")
    (path /5D3F8747)
    (attr smd)
    (fp_text reference R6 (at 0.012 1.2555 180) (layer B.SilkS)
      (effects (font (size 0.25 0.25) (thickness 0.0625)) (justify mirror))
    )
    (fp_text value 220 (at -0.03802 0.103428 180) (layer B.Fab)
      (effects (font (size 0.5 0.5) (thickness 0.125)) (justify mirror))
    )
    (fp_line (start 2.15 -1.1) (end -2.15 -1.1) (layer B.CrtYd) (width 0.05))
    (fp_line (start 2.15 -1.1) (end 2.15 1.11) (layer B.CrtYd) (width 0.05))
    (fp_line (start -2.15 1.11) (end -2.15 -1.1) (layer B.CrtYd) (width 0.05))
    (fp_line (start -2.15 1.11) (end 2.15 1.11) (layer B.CrtYd) (width 0.05))
    (fp_line (start -1 1.07) (end 1 1.07) (layer B.SilkS) (width 0.12))
    (fp_line (start 1 -1.07) (end -1 -1.07) (layer B.SilkS) (width 0.12))
    (fp_line (start -1.6 0.8) (end 1.6 0.8) (layer B.Fab) (width 0.1))
    (fp_line (start 1.6 0.8) (end 1.6 -0.8) (layer B.Fab) (width 0.1))
    (fp_line (start 1.6 -0.8) (end -1.6 -0.8) (layer B.Fab) (width 0.1))
    (fp_line (start -1.6 -0.8) (end -1.6 0.8) (layer B.Fab) (width 0.1))
    (fp_text user %R (at 0.012 1.2555 180) (layer B.Fab)
      (effects (font (size 0.25 0.25) (thickness 0.0625)) (justify mirror))
    )
    (pad 2 smd rect (at 1.45 0 180) (size 0.9 1.7) (layers B.Cu B.Paste B.Mask)
      (net 7 "Net-(D6-Pad2)"))
    (pad 1 smd rect (at -1.45 0 180) (size 0.9 1.7) (layers B.Cu B.Paste B.Mask)
      (net 15 "Net-(J1-Pad6)"))
    (model ${KISYS3DMOD}/Resistors_SMD.3dshapes/R_1206.wrl
      (at (xyz 0 0 0))
      (scale (xyz 1 1 1))
      (rotate (xyz 0 0 0))
    )
  )

  (module Resistors_SMD:R_1206 (layer B.Cu) (tedit 5D6D481E) (tstamp 5D51C1C3)
    (at 142.633 94.029 180)
    (descr "Resistor SMD 1206, reflow soldering, Vishay (see dcrcw.pdf)")
    (tags "resistor 1206")
    (path /5D3F87EF)
    (attr smd)
    (fp_text reference R7 (at 0.012 1.2555 180) (layer B.SilkS)
      (effects (font (size 0.25 0.25) (thickness 0.0625)) (justify mirror))
    )
    (fp_text value 220 (at -0.03802 0.103428 180) (layer B.Fab)
      (effects (font (size 0.5 0.5) (thickness 0.125)) (justify mirror))
    )
    (fp_text user %R (at 0.012 1.2555 180) (layer B.Fab)
      (effects (font (size 0.25 0.25) (thickness 0.0625)) (justify mirror))
    )
    (fp_line (start -1.6 -0.8) (end -1.6 0.8) (layer B.Fab) (width 0.1))
    (fp_line (start 1.6 -0.8) (end -1.6 -0.8) (layer B.Fab) (width 0.1))
    (fp_line (start 1.6 0.8) (end 1.6 -0.8) (layer B.Fab) (width 0.1))
    (fp_line (start -1.6 0.8) (end 1.6 0.8) (layer B.Fab) (width 0.1))
    (fp_line (start 1 -1.07) (end -1 -1.07) (layer B.SilkS) (width 0.12))
    (fp_line (start -1 1.07) (end 1 1.07) (layer B.SilkS) (width 0.12))
    (fp_line (start -2.15 1.11) (end 2.15 1.11) (layer B.CrtYd) (width 0.05))
    (fp_line (start -2.15 1.11) (end -2.15 -1.1) (layer B.CrtYd) (width 0.05))
    (fp_line (start 2.15 -1.1) (end 2.15 1.11) (layer B.CrtYd) (width 0.05))
    (fp_line (start 2.15 -1.1) (end -2.15 -1.1) (layer B.CrtYd) (width 0.05))
    (pad 1 smd rect (at -1.45 0 180) (size 0.9 1.7) (layers B.Cu B.Paste B.Mask)
      (net 16 "Net-(J1-Pad7)"))
    (pad 2 smd rect (at 1.45 0 180) (size 0.9 1.7) (layers B.Cu B.Paste B.Mask)
      (net 8 "Net-(D7-Pad2)"))
    (model ${KISYS3DMOD}/Resistors_SMD.3dshapes/R_1206.wrl
      (at (xyz 0 0 0))
      (scale (xyz 1 1 1))
      (rotate (xyz 0 0 0))
    )
  )

  (module Resistors_SMD:R_1206 (layer B.Cu) (tedit 5D6D4838) (tstamp 5D51C223)
    (at 142.633 96.569 180)
    (descr "Resistor SMD 1206, reflow soldering, Vishay (see dcrcw.pdf)")
    (tags "resistor 1206")
    (path /5D3F8841)
    (attr smd)
    (fp_text reference R8 (at 0.012 1.2555 180) (layer B.SilkS)
      (effects (font (size 0.25 0.25) (thickness 0.0625)) (justify mirror))
    )
    (fp_text value 220 (at 0 0.103428 180) (layer B.Fab)
      (effects (font (size 0.5 0.5) (thickness 0.125)) (justify mirror))
    )
    (fp_line (start 2.15 -1.1) (end -2.15 -1.1) (layer B.CrtYd) (width 0.05))
    (fp_line (start 2.15 -1.1) (end 2.15 1.11) (layer B.CrtYd) (width 0.05))
    (fp_line (start -2.15 1.11) (end -2.15 -1.1) (layer B.CrtYd) (width 0.05))
    (fp_line (start -2.15 1.11) (end 2.15 1.11) (layer B.CrtYd) (width 0.05))
    (fp_line (start -1 1.07) (end 1 1.07) (layer B.SilkS) (width 0.12))
    (fp_line (start 1 -1.07) (end -1 -1.07) (layer B.SilkS) (width 0.12))
    (fp_line (start -1.6 0.8) (end 1.6 0.8) (layer B.Fab) (width 0.1))
    (fp_line (start 1.6 0.8) (end 1.6 -0.8) (layer B.Fab) (width 0.1))
    (fp_line (start 1.6 -0.8) (end -1.6 -0.8) (layer B.Fab) (width 0.1))
    (fp_line (start -1.6 -0.8) (end -1.6 0.8) (layer B.Fab) (width 0.1))
    (fp_text user %R (at 0.012 1.2555 180) (layer B.Fab)
      (effects (font (size 0.25 0.25) (thickness 0.0625)) (justify mirror))
    )
    (pad 2 smd rect (at 1.45 0 180) (size 0.9 1.7) (layers B.Cu B.Paste B.Mask)
      (net 9 "Net-(D8-Pad2)"))
    (pad 1 smd rect (at -1.45 0 180) (size 0.9 1.7) (layers B.Cu B.Paste B.Mask)
      (net 17 "Net-(J1-Pad8)"))
    (model ${KISYS3DMOD}/Resistors_SMD.3dshapes/R_1206.wrl
      (at (xyz 0 0 0))
      (scale (xyz 1 1 1))
      (rotate (xyz 0 0 0))
    )
  )

  (module LEDs:LED_0603 (layer F.Cu) (tedit 5D51AA38) (tstamp 5D4ACDF4)
    (at 141.859 78.74)
    (descr "LED 0603 smd package")
    (tags "LED led 0603 SMD smd SMT smt smdled SMDLED smtled SMTLED")
    (path /5D3F8284)
    (attr smd)
    (fp_text reference D1 (at 0 -1.016) (layer F.SilkS)
      (effects (font (size 0.5 0.5) (thickness 0.125)))
    )
    (fp_text value P0 (at -0.762 0.0508) (layer F.Fab)
      (effects (font (size 0.5 0.5) (thickness 0.125)))
    )
    (fp_line (start -1.3 -0.5) (end -1.3 0.5) (layer F.SilkS) (width 0.12))
    (fp_line (start -0.2 -0.2) (end -0.2 0.2) (layer F.Fab) (width 0.1))
    (fp_line (start -0.15 0) (end 0.15 -0.2) (layer F.Fab) (width 0.1))
    (fp_line (start 0.15 0.2) (end -0.15 0) (layer F.Fab) (width 0.1))
    (fp_line (start 0.15 -0.2) (end 0.15 0.2) (layer F.Fab) (width 0.1))
    (fp_line (start 0.8 0.4) (end -0.8 0.4) (layer F.Fab) (width 0.1))
    (fp_line (start 0.8 -0.4) (end 0.8 0.4) (layer F.Fab) (width 0.1))
    (fp_line (start -0.8 -0.4) (end 0.8 -0.4) (layer F.Fab) (width 0.1))
    (fp_line (start -0.8 0.4) (end -0.8 -0.4) (layer F.Fab) (width 0.1))
    (fp_line (start -1.3 0.5) (end 0.8 0.5) (layer F.SilkS) (width 0.12))
    (fp_line (start -1.3 -0.5) (end 0.8 -0.5) (layer F.SilkS) (width 0.12))
    (fp_line (start 1.45 -0.65) (end 1.45 0.65) (layer F.CrtYd) (width 0.05))
    (fp_line (start 1.45 0.65) (end -1.45 0.65) (layer F.CrtYd) (width 0.05))
    (fp_line (start -1.45 0.65) (end -1.45 -0.65) (layer F.CrtYd) (width 0.05))
    (fp_line (start -1.45 -0.65) (end 1.45 -0.65) (layer F.CrtYd) (width 0.05))
    (pad 2 smd rect (at 0.8 0 180) (size 0.8 0.8) (layers F.Cu F.Paste F.Mask)
      (net 2 "Net-(D1-Pad2)"))
    (pad 1 smd rect (at -0.8 0 180) (size 0.8 0.8) (layers F.Cu F.Paste F.Mask)
      (net 1 GND))
    (model ${KISYS3DMOD}/LEDs.3dshapes/LED_0603.wrl
      (at (xyz 0 0 0))
      (scale (xyz 1 1 1))
      (rotate (xyz 0 0 180))
    )
  )

  (module LEDs:LED_0603 (layer F.Cu) (tedit 5D51AA41) (tstamp 5D6D49EC)
    (at 141.859 81.28)
    (descr "LED 0603 smd package")
    (tags "LED led 0603 SMD smd SMT smt smdled SMDLED smtled SMTLED")
    (path /5D3F8260)
    (attr smd)
    (fp_text reference D2 (at 0 -1.016) (layer F.SilkS)
      (effects (font (size 0.5 0.5) (thickness 0.125)))
    )
    (fp_text value P1 (at -0.762 0.0508) (layer F.Fab)
      (effects (font (size 0.5 0.5) (thickness 0.125)))
    )
    (fp_line (start -1.45 -0.65) (end 1.45 -0.65) (layer F.CrtYd) (width 0.05))
    (fp_line (start -1.45 0.65) (end -1.45 -0.65) (layer F.CrtYd) (width 0.05))
    (fp_line (start 1.45 0.65) (end -1.45 0.65) (layer F.CrtYd) (width 0.05))
    (fp_line (start 1.45 -0.65) (end 1.45 0.65) (layer F.CrtYd) (width 0.05))
    (fp_line (start -1.3 -0.5) (end 0.8 -0.5) (layer F.SilkS) (width 0.12))
    (fp_line (start -1.3 0.5) (end 0.8 0.5) (layer F.SilkS) (width 0.12))
    (fp_line (start -0.8 0.4) (end -0.8 -0.4) (layer F.Fab) (width 0.1))
    (fp_line (start -0.8 -0.4) (end 0.8 -0.4) (layer F.Fab) (width 0.1))
    (fp_line (start 0.8 -0.4) (end 0.8 0.4) (layer F.Fab) (width 0.1))
    (fp_line (start 0.8 0.4) (end -0.8 0.4) (layer F.Fab) (width 0.1))
    (fp_line (start 0.15 -0.2) (end 0.15 0.2) (layer F.Fab) (width 0.1))
    (fp_line (start 0.15 0.2) (end -0.15 0) (layer F.Fab) (width 0.1))
    (fp_line (start -0.15 0) (end 0.15 -0.2) (layer F.Fab) (width 0.1))
    (fp_line (start -0.2 -0.2) (end -0.2 0.2) (layer F.Fab) (width 0.1))
    (fp_line (start -1.3 -0.5) (end -1.3 0.5) (layer F.SilkS) (width 0.12))
    (pad 1 smd rect (at -0.8 0 180) (size 0.8 0.8) (layers F.Cu F.Paste F.Mask)
      (net 1 GND))
    (pad 2 smd rect (at 0.8 0 180) (size 0.8 0.8) (layers F.Cu F.Paste F.Mask)
      (net 3 "Net-(D2-Pad2)"))
    (model ${KISYS3DMOD}/LEDs.3dshapes/LED_0603.wrl
      (at (xyz 0 0 0))
      (scale (xyz 1 1 1))
      (rotate (xyz 0 0 180))
    )
  )

  (module LEDs:LED_0603 (layer F.Cu) (tedit 5D51AA4C) (tstamp 5D4ACE1C)
    (at 141.859 83.82)
    (descr "LED 0603 smd package")
    (tags "LED led 0603 SMD smd SMT smt smdled SMDLED smtled SMTLED")
    (path /5D3F823A)
    (attr smd)
    (fp_text reference D3 (at 0.254 -1.016) (layer F.SilkS)
      (effects (font (size 0.5 0.5) (thickness 0.125)))
    )
    (fp_text value P2 (at -0.762 0) (layer F.Fab)
      (effects (font (size 0.5 0.5) (thickness 0.125)))
    )
    (fp_line (start -1.3 -0.5) (end -1.3 0.5) (layer F.SilkS) (width 0.12))
    (fp_line (start -0.2 -0.2) (end -0.2 0.2) (layer F.Fab) (width 0.1))
    (fp_line (start -0.15 0) (end 0.15 -0.2) (layer F.Fab) (width 0.1))
    (fp_line (start 0.15 0.2) (end -0.15 0) (layer F.Fab) (width 0.1))
    (fp_line (start 0.15 -0.2) (end 0.15 0.2) (layer F.Fab) (width 0.1))
    (fp_line (start 0.8 0.4) (end -0.8 0.4) (layer F.Fab) (width 0.1))
    (fp_line (start 0.8 -0.4) (end 0.8 0.4) (layer F.Fab) (width 0.1))
    (fp_line (start -0.8 -0.4) (end 0.8 -0.4) (layer F.Fab) (width 0.1))
    (fp_line (start -0.8 0.4) (end -0.8 -0.4) (layer F.Fab) (width 0.1))
    (fp_line (start -1.3 0.5) (end 0.8 0.5) (layer F.SilkS) (width 0.12))
    (fp_line (start -1.3 -0.5) (end 0.8 -0.5) (layer F.SilkS) (width 0.12))
    (fp_line (start 1.45 -0.65) (end 1.45 0.65) (layer F.CrtYd) (width 0.05))
    (fp_line (start 1.45 0.65) (end -1.45 0.65) (layer F.CrtYd) (width 0.05))
    (fp_line (start -1.45 0.65) (end -1.45 -0.65) (layer F.CrtYd) (width 0.05))
    (fp_line (start -1.45 -0.65) (end 1.45 -0.65) (layer F.CrtYd) (width 0.05))
    (pad 2 smd rect (at 0.8 0 180) (size 0.8 0.8) (layers F.Cu F.Paste F.Mask)
      (net 4 "Net-(D3-Pad2)"))
    (pad 1 smd rect (at -0.8 0 180) (size 0.8 0.8) (layers F.Cu F.Paste F.Mask)
      (net 1 GND))
    (model ${KISYS3DMOD}/LEDs.3dshapes/LED_0603.wrl
      (at (xyz 0 0 0))
      (scale (xyz 1 1 1))
      (rotate (xyz 0 0 180))
    )
  )

  (module LEDs:LED_0603 (layer F.Cu) (tedit 5D51AA57) (tstamp 5D4ACE30)
    (at 141.859 86.36)
    (descr "LED 0603 smd package")
    (tags "LED led 0603 SMD smd SMT smt smdled SMDLED smtled SMTLED")
    (path /5D3F8216)
    (attr smd)
    (fp_text reference D4 (at 0.254 -1.016) (layer F.SilkS)
      (effects (font (size 0.5 0.5) (thickness 0.125)))
    )
    (fp_text value P3 (at -0.762 0) (layer F.Fab)
      (effects (font (size 0.5 0.5) (thickness 0.125)))
    )
    (fp_line (start -1.45 -0.65) (end 1.45 -0.65) (layer F.CrtYd) (width 0.05))
    (fp_line (start -1.45 0.65) (end -1.45 -0.65) (layer F.CrtYd) (width 0.05))
    (fp_line (start 1.45 0.65) (end -1.45 0.65) (layer F.CrtYd) (width 0.05))
    (fp_line (start 1.45 -0.65) (end 1.45 0.65) (layer F.CrtYd) (width 0.05))
    (fp_line (start -1.3 -0.5) (end 0.8 -0.5) (layer F.SilkS) (width 0.12))
    (fp_line (start -1.3 0.5) (end 0.8 0.5) (layer F.SilkS) (width 0.12))
    (fp_line (start -0.8 0.4) (end -0.8 -0.4) (layer F.Fab) (width 0.1))
    (fp_line (start -0.8 -0.4) (end 0.8 -0.4) (layer F.Fab) (width 0.1))
    (fp_line (start 0.8 -0.4) (end 0.8 0.4) (layer F.Fab) (width 0.1))
    (fp_line (start 0.8 0.4) (end -0.8 0.4) (layer F.Fab) (width 0.1))
    (fp_line (start 0.15 -0.2) (end 0.15 0.2) (layer F.Fab) (width 0.1))
    (fp_line (start 0.15 0.2) (end -0.15 0) (layer F.Fab) (width 0.1))
    (fp_line (start -0.15 0) (end 0.15 -0.2) (layer F.Fab) (width 0.1))
    (fp_line (start -0.2 -0.2) (end -0.2 0.2) (layer F.Fab) (width 0.1))
    (fp_line (start -1.3 -0.5) (end -1.3 0.5) (layer F.SilkS) (width 0.12))
    (pad 1 smd rect (at -0.8 0 180) (size 0.8 0.8) (layers F.Cu F.Paste F.Mask)
      (net 1 GND))
    (pad 2 smd rect (at 0.8 0 180) (size 0.8 0.8) (layers F.Cu F.Paste F.Mask)
      (net 5 "Net-(D4-Pad2)"))
    (model ${KISYS3DMOD}/LEDs.3dshapes/LED_0603.wrl
      (at (xyz 0 0 0))
      (scale (xyz 1 1 1))
      (rotate (xyz 0 0 180))
    )
  )

  (module LEDs:LED_0603 (layer F.Cu) (tedit 5D51AA5F) (tstamp 5D4ACE44)
    (at 141.859 88.9)
    (descr "LED 0603 smd package")
    (tags "LED led 0603 SMD smd SMT smt smdled SMDLED smtled SMTLED")
    (path /5D3F81F0)
    (attr smd)
    (fp_text reference D5 (at 0.254 -1.016) (layer F.SilkS)
      (effects (font (size 0.5 0.5) (thickness 0.125)))
    )
    (fp_text value P4 (at -0.762 0) (layer F.Fab)
      (effects (font (size 0.5 0.5) (thickness 0.125)))
    )
    (fp_line (start -1.3 -0.5) (end -1.3 0.5) (layer F.SilkS) (width 0.12))
    (fp_line (start -0.2 -0.2) (end -0.2 0.2) (layer F.Fab) (width 0.1))
    (fp_line (start -0.15 0) (end 0.15 -0.2) (layer F.Fab) (width 0.1))
    (fp_line (start 0.15 0.2) (end -0.15 0) (layer F.Fab) (width 0.1))
    (fp_line (start 0.15 -0.2) (end 0.15 0.2) (layer F.Fab) (width 0.1))
    (fp_line (start 0.8 0.4) (end -0.8 0.4) (layer F.Fab) (width 0.1))
    (fp_line (start 0.8 -0.4) (end 0.8 0.4) (layer F.Fab) (width 0.1))
    (fp_line (start -0.8 -0.4) (end 0.8 -0.4) (layer F.Fab) (width 0.1))
    (fp_line (start -0.8 0.4) (end -0.8 -0.4) (layer F.Fab) (width 0.1))
    (fp_line (start -1.3 0.5) (end 0.8 0.5) (layer F.SilkS) (width 0.12))
    (fp_line (start -1.3 -0.5) (end 0.8 -0.5) (layer F.SilkS) (width 0.12))
    (fp_line (start 1.45 -0.65) (end 1.45 0.65) (layer F.CrtYd) (width 0.05))
    (fp_line (start 1.45 0.65) (end -1.45 0.65) (layer F.CrtYd) (width 0.05))
    (fp_line (start -1.45 0.65) (end -1.45 -0.65) (layer F.CrtYd) (width 0.05))
    (fp_line (start -1.45 -0.65) (end 1.45 -0.65) (layer F.CrtYd) (width 0.05))
    (pad 2 smd rect (at 0.8 0 180) (size 0.8 0.8) (layers F.Cu F.Paste F.Mask)
      (net 6 "Net-(D5-Pad2)"))
    (pad 1 smd rect (at -0.8 0 180) (size 0.8 0.8) (layers F.Cu F.Paste F.Mask)
      (net 1 GND))
    (model ${KISYS3DMOD}/LEDs.3dshapes/LED_0603.wrl
      (at (xyz 0 0 0))
      (scale (xyz 1 1 1))
      (rotate (xyz 0 0 180))
    )
  )

  (module LEDs:LED_0603 (layer F.Cu) (tedit 5D51AA67) (tstamp 5D4ACE58)
    (at 141.859 91.44)
    (descr "LED 0603 smd package")
    (tags "LED led 0603 SMD smd SMT smt smdled SMDLED smtled SMTLED")
    (path /5D3F81D2)
    (attr smd)
    (fp_text reference D6 (at 0.254 -1.016) (layer F.SilkS)
      (effects (font (size 0.5 0.5) (thickness 0.125)))
    )
    (fp_text value P5 (at -0.762 0) (layer F.Fab)
      (effects (font (size 0.5 0.5) (thickness 0.125)))
    )
    (fp_line (start -1.45 -0.65) (end 1.45 -0.65) (layer F.CrtYd) (width 0.05))
    (fp_line (start -1.45 0.65) (end -1.45 -0.65) (layer F.CrtYd) (width 0.05))
    (fp_line (start 1.45 0.65) (end -1.45 0.65) (layer F.CrtYd) (width 0.05))
    (fp_line (start 1.45 -0.65) (end 1.45 0.65) (layer F.CrtYd) (width 0.05))
    (fp_line (start -1.3 -0.5) (end 0.8 -0.5) (layer F.SilkS) (width 0.12))
    (fp_line (start -1.3 0.5) (end 0.8 0.5) (layer F.SilkS) (width 0.12))
    (fp_line (start -0.8 0.4) (end -0.8 -0.4) (layer F.Fab) (width 0.1))
    (fp_line (start -0.8 -0.4) (end 0.8 -0.4) (layer F.Fab) (width 0.1))
    (fp_line (start 0.8 -0.4) (end 0.8 0.4) (layer F.Fab) (width 0.1))
    (fp_line (start 0.8 0.4) (end -0.8 0.4) (layer F.Fab) (width 0.1))
    (fp_line (start 0.15 -0.2) (end 0.15 0.2) (layer F.Fab) (width 0.1))
    (fp_line (start 0.15 0.2) (end -0.15 0) (layer F.Fab) (width 0.1))
    (fp_line (start -0.15 0) (end 0.15 -0.2) (layer F.Fab) (width 0.1))
    (fp_line (start -0.2 -0.2) (end -0.2 0.2) (layer F.Fab) (width 0.1))
    (fp_line (start -1.3 -0.5) (end -1.3 0.5) (layer F.SilkS) (width 0.12))
    (pad 1 smd rect (at -0.8 0 180) (size 0.8 0.8) (layers F.Cu F.Paste F.Mask)
      (net 1 GND))
    (pad 2 smd rect (at 0.8 0 180) (size 0.8 0.8) (layers F.Cu F.Paste F.Mask)
      (net 7 "Net-(D6-Pad2)"))
    (model ${KISYS3DMOD}/LEDs.3dshapes/LED_0603.wrl
      (at (xyz 0 0 0))
      (scale (xyz 1 1 1))
      (rotate (xyz 0 0 180))
    )
  )

  (module LEDs:LED_0603 (layer F.Cu) (tedit 5D51AA70) (tstamp 5D4ACE6C)
    (at 141.859 93.98)
    (descr "LED 0603 smd package")
    (tags "LED led 0603 SMD smd SMT smt smdled SMDLED smtled SMTLED")
    (path /5D3F81AE)
    (attr smd)
    (fp_text reference D7 (at 0.254 -1.016) (layer F.SilkS)
      (effects (font (size 0.5 0.5) (thickness 0.125)))
    )
    (fp_text value P6 (at -0.762 0) (layer F.Fab)
      (effects (font (size 0.5 0.5) (thickness 0.125)))
    )
    (fp_line (start -1.3 -0.5) (end -1.3 0.5) (layer F.SilkS) (width 0.12))
    (fp_line (start -0.2 -0.2) (end -0.2 0.2) (layer F.Fab) (width 0.1))
    (fp_line (start -0.15 0) (end 0.15 -0.2) (layer F.Fab) (width 0.1))
    (fp_line (start 0.15 0.2) (end -0.15 0) (layer F.Fab) (width 0.1))
    (fp_line (start 0.15 -0.2) (end 0.15 0.2) (layer F.Fab) (width 0.1))
    (fp_line (start 0.8 0.4) (end -0.8 0.4) (layer F.Fab) (width 0.1))
    (fp_line (start 0.8 -0.4) (end 0.8 0.4) (layer F.Fab) (width 0.1))
    (fp_line (start -0.8 -0.4) (end 0.8 -0.4) (layer F.Fab) (width 0.1))
    (fp_line (start -0.8 0.4) (end -0.8 -0.4) (layer F.Fab) (width 0.1))
    (fp_line (start -1.3 0.5) (end 0.8 0.5) (layer F.SilkS) (width 0.12))
    (fp_line (start -1.3 -0.5) (end 0.8 -0.5) (layer F.SilkS) (width 0.12))
    (fp_line (start 1.45 -0.65) (end 1.45 0.65) (layer F.CrtYd) (width 0.05))
    (fp_line (start 1.45 0.65) (end -1.45 0.65) (layer F.CrtYd) (width 0.05))
    (fp_line (start -1.45 0.65) (end -1.45 -0.65) (layer F.CrtYd) (width 0.05))
    (fp_line (start -1.45 -0.65) (end 1.45 -0.65) (layer F.CrtYd) (width 0.05))
    (pad 2 smd rect (at 0.8 0 180) (size 0.8 0.8) (layers F.Cu F.Paste F.Mask)
      (net 8 "Net-(D7-Pad2)"))
    (pad 1 smd rect (at -0.8 0 180) (size 0.8 0.8) (layers F.Cu F.Paste F.Mask)
      (net 1 GND))
    (model ${KISYS3DMOD}/LEDs.3dshapes/LED_0603.wrl
      (at (xyz 0 0 0))
      (scale (xyz 1 1 1))
      (rotate (xyz 0 0 180))
    )
  )

  (module LEDs:LED_0603 (layer F.Cu) (tedit 5D51AA77) (tstamp 5D4ACE80)
    (at 141.859 96.52)
    (descr "LED 0603 smd package")
    (tags "LED led 0603 SMD smd SMT smt smdled SMDLED smtled SMTLED")
    (path /5D3F7E0F)
    (attr smd)
    (fp_text reference D8 (at 0.254 -1.016) (layer F.SilkS)
      (effects (font (size 0.5 0.5) (thickness 0.125)))
    )
    (fp_text value P7 (at -0.762 0.0508) (layer F.Fab)
      (effects (font (size 0.5 0.5) (thickness 0.125)))
    )
    (fp_line (start -1.45 -0.65) (end 1.45 -0.65) (layer F.CrtYd) (width 0.05))
    (fp_line (start -1.45 0.65) (end -1.45 -0.65) (layer F.CrtYd) (width 0.05))
    (fp_line (start 1.45 0.65) (end -1.45 0.65) (layer F.CrtYd) (width 0.05))
    (fp_line (start 1.45 -0.65) (end 1.45 0.65) (layer F.CrtYd) (width 0.05))
    (fp_line (start -1.3 -0.5) (end 0.8 -0.5) (layer F.SilkS) (width 0.12))
    (fp_line (start -1.3 0.5) (end 0.8 0.5) (layer F.SilkS) (width 0.12))
    (fp_line (start -0.8 0.4) (end -0.8 -0.4) (layer F.Fab) (width 0.1))
    (fp_line (start -0.8 -0.4) (end 0.8 -0.4) (layer F.Fab) (width 0.1))
    (fp_line (start 0.8 -0.4) (end 0.8 0.4) (layer F.Fab) (width 0.1))
    (fp_line (start 0.8 0.4) (end -0.8 0.4) (layer F.Fab) (width 0.1))
    (fp_line (start 0.15 -0.2) (end 0.15 0.2) (layer F.Fab) (width 0.1))
    (fp_line (start 0.15 0.2) (end -0.15 0) (layer F.Fab) (width 0.1))
    (fp_line (start -0.15 0) (end 0.15 -0.2) (layer F.Fab) (width 0.1))
    (fp_line (start -0.2 -0.2) (end -0.2 0.2) (layer F.Fab) (width 0.1))
    (fp_line (start -1.3 -0.5) (end -1.3 0.5) (layer F.SilkS) (width 0.12))
    (pad 1 smd rect (at -0.8 0 180) (size 0.8 0.8) (layers F.Cu F.Paste F.Mask)
      (net 1 GND))
    (pad 2 smd rect (at 0.8 0 180) (size 0.8 0.8) (layers F.Cu F.Paste F.Mask)
      (net 9 "Net-(D8-Pad2)"))
    (model ${KISYS3DMOD}/LEDs.3dshapes/LED_0603.wrl
      (at (xyz 0 0 0))
      (scale (xyz 1 1 1))
      (rotate (xyz 0 0 180))
    )
  )

  (gr_text "WhatsApp 6677983021" (at 144.9705 85.725 90) (layer B.SilkS) (tstamp 5D6EB075)
    (effects (font (size 0.35 0.35) (thickness 0.0625)) (justify mirror))
  )
  (gr_text abeleduardo.hdz@gmail.com (at 144.9705 94.488 90) (layer B.SilkS)
    (effects (font (size 0.35 0.35) (thickness 0.0625)) (justify mirror))
  )
  (dimension 23.114 (width 0.3) (layer Dwgs.User)
    (gr_text "23.114 mm" (at 133.282 88.773 270) (layer Dwgs.User)
      (effects (font (size 1.5 1.5) (thickness 0.3)))
    )
    (feature1 (pts (xy 139.446 100.33) (xy 134.795579 100.33)))
    (feature2 (pts (xy 139.446 77.216) (xy 134.795579 77.216)))
    (crossbar (pts (xy 135.382 77.216) (xy 135.382 100.33)))
    (arrow1a (pts (xy 135.382 100.33) (xy 134.795579 99.203496)))
    (arrow1b (pts (xy 135.382 100.33) (xy 135.968421 99.203496)))
    (arrow2a (pts (xy 135.382 77.216) (xy 134.795579 78.342504)))
    (arrow2b (pts (xy 135.382 77.216) (xy 135.968421 78.342504)))
  )
  (dimension 7.74726 (width 0.3) (layer Dwgs.User)
    (gr_text "7.747 mm" (at 144.150677 70.70136 0.4696270197) (layer Dwgs.User)
      (effects (font (size 1.5 1.5) (thickness 0.3)))
    )
    (feature1 (pts (xy 148.082 77.724) (xy 148.036583 72.183138)))
    (feature2 (pts (xy 140.335 77.7875) (xy 140.289583 72.246638)))
    (crossbar (pts (xy 140.29439 72.833039) (xy 148.04139 72.769539)))
    (arrow1a (pts (xy 148.04139 72.769539) (xy 146.919731 73.365173)))
    (arrow1b (pts (xy 148.04139 72.769539) (xy 146.910118 72.192371)))
    (arrow2a (pts (xy 140.29439 72.833039) (xy 141.425662 73.410207)))
    (arrow2b (pts (xy 140.29439 72.833039) (xy 141.416049 72.237405)))
  )
  (gr_line (start 140.843 77.216) (end 147.447 77.216) (layer Edge.Cuts) (width 0.15))
  (gr_line (start 140.97 100.457) (end 147.574 100.457) (layer Edge.Cuts) (width 0.2))
  (gr_line (start 140.335 99.949) (end 140.335 77.851) (layer Edge.Cuts) (width 0.2) (tstamp 5D51C468))
  (gr_arc (start 140.843 77.724) (end 140.843 77.216) (angle -104.0362435) (layer Edge.Cuts) (width 0.15) (tstamp 5D51C467))
  (gr_arc (start 140.843 99.949) (end 140.335 99.949) (angle -104.0362435) (layer Edge.Cuts) (width 0.15) (tstamp 5D51C466))
  (gr_arc (start 147.589168 99.945208) (end 147.589168 100.453208) (angle -104.0362435) (layer Edge.Cuts) (width 0.15) (tstamp 5D42ADC7))
  (gr_arc (start 147.574 77.708832) (end 148.082 77.708832) (angle -104.0362435) (layer Edge.Cuts) (width 0.15))
  (gr_text GND (at 143.764 99.06) (layer F.SilkS) (tstamp 5D42ACBF)
    (effects (font (size 1 1) (thickness 0.25)))
  )
  (gr_text P7 (at 144.272 96.52) (layer F.SilkS) (tstamp 5D42ACBD)
    (effects (font (size 1 1) (thickness 0.25)))
  )
  (gr_text P6 (at 144.272 93.98) (layer F.SilkS) (tstamp 5D6D4761)
    (effects (font (size 1 1) (thickness 0.25)))
  )
  (gr_text P5 (at 144.272 91.44) (layer F.SilkS) (tstamp 5D42ACB9)
    (effects (font (size 1 1) (thickness 0.25)))
  )
  (gr_text P4 (at 144.272 88.9) (layer F.SilkS) (tstamp 5D42ACB7)
    (effects (font (size 1 1) (thickness 0.25)))
  )
  (gr_text P3 (at 144.272 86.36) (layer F.SilkS) (tstamp 5D42ACB5)
    (effects (font (size 1 1) (thickness 0.25)))
  )
  (gr_text P2 (at 144.272 83.82) (layer F.SilkS) (tstamp 5D42ACB3)
    (effects (font (size 1 1) (thickness 0.25)))
  )
  (gr_text P1 (at 144.272 81.28) (layer F.SilkS) (tstamp 5D42ACB1)
    (effects (font (size 1 1) (thickness 0.25)))
  )
  (gr_text P0 (at 144.272 78.74) (layer F.SilkS) (tstamp 5D51C73A)
    (effects (font (size 1 1) (thickness 0.25)))
  )
  (gr_line (start 148.082 77.724) (end 148.082 99.822) (layer Edge.Cuts) (width 0.2))

  (segment (start 141.059 97.2453) (end 142.7703 98.9566) (width 0.25) (layer F.Cu) (net 1))
  (segment (start 142.7703 98.9566) (end 146.7 98.9566) (width 0.25) (layer F.Cu) (net 1))
  (segment (start 141.059 96.52) (end 141.059 97.2453) (width 0.25) (layer F.Cu) (net 1))
  (segment (start 141.059 93.98) (end 141.059 96.52) (width 0.25) (layer F.Cu) (net 1))
  (segment (start 141.059 83.82) (end 141.059 81.28) (width 0.25) (layer F.Cu) (net 1))
  (segment (start 141.059 86.36) (end 141.059 83.82) (width 0.25) (layer F.Cu) (net 1))
  (segment (start 141.059 88.9) (end 141.059 86.36) (width 0.25) (layer F.Cu) (net 1))
  (segment (start 141.059 91.44) (end 141.059 88.9) (width 0.25) (layer F.Cu) (net 1))
  (segment (start 141.059 93.98) (end 141.059 91.44) (width 0.25) (layer F.Cu) (net 1))
  (segment (start 141.059 81.28) (end 141.059 78.74) (width 0.25) (layer F.Cu) (net 1))
  (segment (start 141.171 78.74) (end 141.9463 78.74) (width 0.25) (layer B.Cu) (net 2))
  (segment (start 142.659 78.74) (end 142.659 79.4653) (width 0.25) (layer F.Cu) (net 2))
  (segment (start 142.659 79.4653) (end 142.621 79.5033) (width 0.25) (layer F.Cu) (net 2))
