(kicad_pcb (version 20171130) (host pcbnew "(5.0.1)-3")

  (general
    (thickness 1.6)
    (drawings 20)
    (tracks 63)
    (zones 0)
    (modules 17)
    (nets 18)
  )

  (page A4)
  (layers
    (0 F.Cu signal)
    (31 B.Cu signal)
    (32 B.Adhes user)
    (33 F.Adhes user)
    (34 B.Paste user)
    (35 F.Paste user)
    (36 B.SilkS user)
    (37 F.SilkS user)
    (38 B.Mask user)
    (39 F.Mask user)
    (40 Dwgs.User user)
    (41 Cmts.User user)
    (42 Eco1.User user)
    (43 Eco2.User user)
    (44 Edge.Cuts user)
    (45 Margin user)
    (46 B.CrtYd user)
    (47 F.CrtYd user)
    (48 B.Fab user)
    (49 F.Fab user)
  )

  (setup
    (last_trace_width 0.5)
    (trace_clearance 0.2)
    (zone_clearance 0.508)
    (zone_45_only no)
    (trace_min 0.2)
    (segment_width 0.2)
    (edge_width 0.15)
    (via_size 0.8)
    (via_drill 0.4)
    (via_min_size 0.4)
    (via_min_drill 0.3)
    (uvia_size 0.3)
    (uvia_drill 0.1)
    (uvias_allowed no)
    (uvia_min_size 0.2)
    (uvia_min_drill 0.1)
    (pcb_text_width 0.3)
    (pcb_text_size 1.5 1.5)
    (mod_edge_width 0.15)
    (mod_text_size 1 1)
    (mod_text_width 0.15)
    (pad_size 1.524 1.524)
    (pad_drill 0.762)
    (pad_to_mask_clearance 0.051)
    (solder_mask_min_width 0.25)
    (aux_axis_origin 0 0)
    (visible_elements 7FFFFFFF)
    (pcbplotparams
      (layerselection 0x010fc_ffffffff)
      (usegerberextensions false)
      (usegerberattributes false)
      (usegerberadvancedattributes false)
      (creategerberjobfile false)
      (excludeedgelayer true)
      (linewidth 0.100000)
      (plotframeref false)
      (viasonmask false)
      (mode 1)
      (useauxorigin false)
      (hpglpennumber 1)
      (hpglpenspeed 20)
      (hpglpendiameter 15.000000)
      (psnegative false)
      (psa4output false)
      (plotreference true)
      (plotvalue true)
      (plotinvisibletext false)
      (padsonsilk false)
      (subtractmaskfromsilk false)
      (outputformat 1)
      (mirror false)
      (drillshape 0)
      (scaleselection 1)
      (outputdirectory "gerber/"))
  )

  (net 0 "")
  (net 1 GND)
  (net 2 "Net-(D1-Pad2)")
  (net 3 "Net-(D2-Pad2)")
  (net 4 "Net-(D3-Pad2)")
  (net 5 "Net-(D4-Pad2)")
  (net 6 "Net-(D5-Pad2)")
  (net 7 "Net-(D6-Pad2)")
  (net 8 "Net-(D7-Pad2)")
  (net 9 "Net-(D8-Pad2)")
  (net 10 "Net-(J1-Pad1)")
  (net 11 "Net-(J1-Pad2)")
  (net 12 "Net-(J1-Pad3)")
  (net 13 "Net-(J1-Pad4)")
  (net 14 "Net-(J1-Pad5)")
  (net 15 "Net-(J1-Pad6)")
  (net 16 "Net-(J1-Pad7)")
  (net 17 "Net-(J1-Pad8)")

  (net_class Default "This is the default net class."
    (clearance 0.2)
    (trace_width 0.5)
    (via_dia 0.8)
    (via_drill 0.4)
    (uvia_dia 0.3)
    (uvia_drill 0.1)
    (add_net GND)
    (add_net "Net-(D1-Pad2)")
    (add_net "Net-(D2-Pad2)")
    (add_net "Net-(D3-Pad2)")
    (add_net "Net-(D4-Pad2)")
    (add_net "Net-(D5-Pad2)")
    (add_net "Net-(D6-Pad2)")
    (add_net "Net-(D7-Pad2)")
    (add_net "Net-(D8-Pad2)")
    (add_net "Net-(J1-Pad1)")
    (add_net "Net-(J1-Pad2)")
    (add_net "Net-(J1-Pad3)")
    (add_net "Net-(J1-Pad4)")
    (add_net "Net-(J1-Pad5)")
    (add_net "Net-(J1-Pad6)")
    (add_net "Net-(J1-Pad7)")
    (add_net "Net-(J1-Pad8)")
  )

  (module w_smd_leds:Led_PLCC2_3528 (layer F.Cu) (tedit 5D4083C9) (tstamp 5D42053E)
    (at 123.469 77.216)
    (descr "3528 PLCC2 SMD led")
    (path /5D3F8284)
    (fp_text reference D1 (at 3.389 -0.7856) (layer F.SilkS)
      (effects (font (size 0.5 0.5) (thickness 0.125)))
    )
    (fp_text value P0 (at 3.64302 0.103428) (layer F.SilkS)
      (effects (font (size 0.8001 0.8001) (thickness 0.14986)))
    )
    (fp_line (start 0.09906 0.20066) (end 0.09906 -0.20066) (layer F.SilkS) (width 0.19812))
    (fp_line (start -0.09906 0.29972) (end -0.09906 -0.29972) (layer F.SilkS) (width 0.19812))
    (fp_line (start 1.50114 1.39954) (end 1.50114 -1.39954) (layer F.SilkS) (width 0.19812))
    (fp_line (start -1.50114 -1.39954) (end -1.50114 1.39954) (layer F.SilkS) (width 0.19812))
    (fp_circle (center 0 0) (end -1.19888 0) (layer F.SilkS) (width 0.19812))
    (fp_line (start -0.19812 -0.50038) (end -0.19812 0.50038) (layer F.SilkS) (width 0.19812))
    (fp_line (start -0.19812 0.50038) (end 0.29972 0) (layer F.SilkS) (width 0.19812))
    (fp_line (start 0.29972 0) (end -0.19812 -0.50038) (layer F.SilkS) (width 0.19812))
    (fp_line (start 0.8001 1.39954) (end 1.4986 0.70104) (layer F.SilkS) (width 0.19812))
    (fp_line (start 1.19888 1.39954) (end 1.4986 1.09982) (layer F.SilkS) (width 0.19812))
    (fp_line (start 1.4986 1.19888) (end 1.30048 1.39954) (layer F.SilkS) (width 0.19812))
    (fp_line (start 0.99822 1.39954) (end 1.4986 0.89916) (layer F.SilkS) (width 0.19812))
    (fp_line (start -1.69926 -1.39954) (end -1.69926 1.39954) (layer F.SilkS) (width 0.19812))
    (fp_line (start -1.69926 1.39954) (end 1.69926 1.39954) (layer F.SilkS) (width 0.19812))
    (fp_line (start 1.69926 1.39954) (end 1.69926 -1.39954) (layer F.SilkS) (width 0.19812))
    (fp_line (start 1.69926 -1.397) (end -1.69926 -1.397) (layer F.SilkS) (width 0.19812))
    (pad 1 smd rect (at -1.4986 0) (size 1.79578 2.69748) (layers F.Cu F.Paste F.Mask)
      (net 1 GND))
    (pad 2 smd rect (at 1.4986 0) (size 1.79578 2.69748) (layers F.Cu F.Paste F.Mask)
      (net 2 "Net-(D1-Pad2)"))
    (model walter/smd_leds/led_plcc2_3528.wrl
      (at (xyz 0 0 0))
      (scale (xyz 1 1 1))
      (rotate (xyz 0 0 0))
    )
  )

  (module w_smd_leds:Led_PLCC2_3528 (layer F.Cu) (tedit 5D4083D9) (tstamp 5D4204FF)
    (at 123.469 80.518)
    (descr "3528 PLCC2 SMD led")
    (path /5D3F8260)
    (fp_text reference D2 (at 3.389 -1.0396) (layer F.SilkS)
      (effects (font (size 0.5 0.5) (thickness 0.125)))
    )
    (fp_text value P1 (at 3.64302 -0.150572) (layer F.SilkS)
      (effects (font (size 0.8001 0.8001) (thickness 0.14986)))
    )
    (fp_line (start 1.69926 -1.397) (end -1.69926 -1.397) (layer F.SilkS) (width 0.19812))
    (fp_line (start 1.69926 1.39954) (end 1.69926 -1.39954) (layer F.SilkS) (width 0.19812))
    (fp_line (start -1.69926 1.39954) (end 1.69926 1.39954) (layer F.SilkS) (width 0.19812))
    (fp_line (start -1.69926 -1.39954) (end -1.69926 1.39954) (layer F.SilkS) (width 0.19812))
    (fp_line (start 0.99822 1.39954) (end 1.4986 0.89916) (layer F.SilkS) (width 0.19812))
    (fp_line (start 1.4986 1.19888) (end 1.30048 1.39954) (layer F.SilkS) (width 0.19812))
    (fp_line (start 1.19888 1.39954) (end 1.4986 1.09982) (layer F.SilkS) (width 0.19812))
    (fp_line (start 0.8001 1.39954) (end 1.4986 0.70104) (layer F.SilkS) (width 0.19812))
    (fp_line (start 0.29972 0) (end -0.19812 -0.50038) (layer F.SilkS) (width 0.19812))
    (fp_line (start -0.19812 0.50038) (end 0.29972 0) (layer F.SilkS) (width 0.19812))
    (fp_line (start -0.19812 -0.50038) (end -0.19812 0.50038) (layer F.SilkS) (width 0.19812))
    (fp_circle (center 0 0) (end -1.19888 0) (layer F.SilkS) (width 0.19812))
    (fp_line (start -1.50114 -1.39954) (end -1.50114 1.39954) (layer F.SilkS) (width 0.19812))
    (fp_line (start 1.50114 1.39954) (end 1.50114 -1.39954) (layer F.SilkS) (width 0.19812))
    (fp_line (start -0.09906 0.29972) (end -0.09906 -0.29972) (layer F.SilkS) (width 0.19812))
    (fp_line (start 0.09906 0.20066) (end 0.09906 -0.20066) (layer F.SilkS) (width 0.19812))
    (pad 2 smd rect (at 1.4986 0) (size 1.79578 2.69748) (layers F.Cu F.Paste F.Mask)
      (net 3 "Net-(D2-Pad2)"))
    (pad 1 smd rect (at -1.4986 0) (size 1.79578 2.69748) (layers F.Cu F.Paste F.Mask)
      (net 1 GND))
    (model walter/smd_leds/led_plcc2_3528.wrl
      (at (xyz 0 0 0))
      (scale (xyz 1 1 1))
      (rotate (xyz 0 0 0))
    )
  )

  (module w_smd_leds:Led_PLCC2_3528 (layer F.Cu) (tedit 5D4083E2) (tstamp 5D4205FB)
    (at 123.469 83.82)
    (descr "3528 PLCC2 SMD led")
    (path /5D3F823A)
    (fp_text reference D3 (at 3.389 -0.7856) (layer F.SilkS)
      (effects (font (size 0.5 0.5) (thickness 0.125)))
    )
    (fp_text value P2 (at 3.64302 0.103428) (layer F.SilkS)
      (effects (font (size 0.8001 0.8001) (thickness 0.14986)))
    )
    (fp_line (start 0.09906 0.20066) (end 0.09906 -0.20066) (layer F.SilkS) (width 0.19812))
    (fp_line (start -0.09906 0.29972) (end -0.09906 -0.29972) (layer F.SilkS) (width 0.19812))
    (fp_line (start 1.50114 1.39954) (end 1.50114 -1.39954) (layer F.SilkS) (width 0.19812))
    (fp_line (start -1.50114 -1.39954) (end -1.50114 1.39954) (layer F.SilkS) (width 0.19812))
    (fp_circle (center 0 0) (end -1.19888 0) (layer F.SilkS) (width 0.19812))
    (fp_line (start -0.19812 -0.50038) (end -0.19812 0.50038) (layer F.SilkS) (width 0.19812))
    (fp_line (start -0.19812 0.50038) (end 0.29972 0) (layer F.SilkS) (width 0.19812))
    (fp_line (start 0.29972 0) (end -0.19812 -0.50038) (layer F.SilkS) (width 0.19812))
    (fp_line (start 0.8001 1.39954) (end 1.4986 0.70104) (layer F.SilkS) (width 0.19812))
    (fp_line (start 1.19888 1.39954) (end 1.4986 1.09982) (layer F.SilkS) (width 0.19812))
    (fp_line (start 1.4986 1.19888) (end 1.30048 1.39954) (layer F.SilkS) (width 0.19812))
    (fp_line (start 0.99822 1.39954) (end 1.4986 0.89916) (layer F.SilkS) (width 0.19812))
    (fp_line (start -1.69926 -1.39954) (end -1.69926 1.39954) (layer F.SilkS) (width 0.19812))
    (fp_line (start -1.69926 1.39954) (end 1.69926 1.39954) (layer F.SilkS) (width 0.19812))
    (fp_line (start 1.69926 1.39954) (end 1.69926 -1.39954) (layer F.SilkS) (width 0.19812))
    (fp_line (start 1.69926 -1.397) (end -1.69926 -1.397) (layer F.SilkS) (width 0.19812))
    (pad 1 smd rect (at -1.4986 0) (size 1.79578 2.69748) (layers F.Cu F.Paste F.Mask)
      (net 1 GND))
    (pad 2 smd rect (at 1.4986 0) (size 1.79578 2.69748) (layers F.Cu F.Paste F.Mask)
      (net 4 "Net-(D3-Pad2)"))
    (model walter/smd_leds/led_plcc2_3528.wrl
      (at (xyz 0 0 0))
      (scale (xyz 1 1 1))
      (rotate (xyz 0 0 0))
    )
  )

  (module w_smd_leds:Led_PLCC2_3528 (layer F.Cu) (tedit 5D4083EB) (tstamp 5D4204C0)
    (at 123.469 87.122)
    (descr "3528 PLCC2 SMD led")
    (path /5D3F8216)
    (fp_text reference D4 (at 3.2766 -0.889) (layer F.SilkS)
      (effects (font (size 0.5 0.5) (thickness 0.125)))
    )
    (fp_text value P3 (at 3.64302 0.103428) (layer F.SilkS)
      (effects (font (size 0.8001 0.8001) (thickness 0.14986)))
    )
    (fp_line (start 1.69926 -1.397) (end -1.69926 -1.397) (layer F.SilkS) (width 0.19812))
    (fp_line (start 1.69926 1.39954) (end 1.69926 -1.39954) (layer F.SilkS) (width 0.19812))
    (fp_line (start -1.69926 1.39954) (end 1.69926 1.39954) (layer F.SilkS) (width 0.19812))
    (fp_line (start -1.69926 -1.39954) (end -1.69926 1.39954) (layer F.SilkS) (width 0.19812))
    (fp_line (start 0.99822 1.39954) (end 1.4986 0.89916) (layer F.SilkS) (width 0.19812))
    (fp_line (start 1.4986 1.19888) (end 1.30048 1.39954) (layer F.SilkS) (width 0.19812))
    (fp_line (start 1.19888 1.39954) (end 1.4986 1.09982) (layer F.SilkS) (width 0.19812))
    (fp_line (start 0.8001 1.39954) (end 1.4986 0.70104) (layer F.SilkS) (width 0.19812))
    (fp_line (start 0.29972 0) (end -0.19812 -0.50038) (layer F.SilkS) (width 0.19812))
    (fp_line (start -0.19812 0.50038) (end 0.29972 0) (layer F.SilkS) (width 0.19812))
    (fp_line (start -0.19812 -0.50038) (end -0.19812 0.50038) (layer F.SilkS) (width 0.19812))
    (fp_circle (center 0 0) (end -1.19888 0) (layer F.SilkS) (width 0.19812))
    (fp_line (start -1.50114 -1.39954) (end -1.50114 1.39954) (layer F.SilkS) (width 0.19812))
    (fp_line (start 1.50114 1.39954) (end 1.50114 -1.39954) (layer F.SilkS) (width 0.19812))
    (fp_line (start -0.09906 0.29972) (end -0.09906 -0.29972) (layer F.SilkS) (width 0.19812))
    (fp_line (start 0.09906 0.20066) (end 0.09906 -0.20066) (layer F.SilkS) (width 0.19812))
    (pad 2 smd rect (at 1.4986 0) (size 1.79578 2.69748) (layers F.Cu F.Paste F.Mask)
      (net 5 "Net-(D4-Pad2)"))
    (pad 1 smd rect (at -1.4986 0) (size 1.79578 2.69748) (layers F.Cu F.Paste F.Mask)
      (net 1 GND))
    (model walter/smd_leds/led_plcc2_3528.wrl
      (at (xyz 0 0 0))
      (scale (xyz 1 1 1))
      (rotate (xyz 0 0 0))
    )
  )

  (module w_smd_leds:Led_PLCC2_3528 (layer F.Cu) (tedit 5D4083F4) (tstamp 5D42057D)
    (at 123.469 90.424)
    (descr "3528 PLCC2 SMD led")
    (path /5D3F81F0)
    (fp_text reference D5 (at 3.2766 -1.016) (layer F.SilkS)
      (effects (font (size 0.5 0.5) (thickness 0.125)))
    )
    (fp_text value P4 (at 3.64302 0.103428) (layer F.SilkS)
      (effects (font (size 0.8001 0.8001) (thickness 0.14986)))
    )
    (fp_line (start 0.09906 0.20066) (end 0.09906 -0.20066) (layer F.SilkS) (width 0.19812))
    (fp_line (start -0.09906 0.29972) (end -0.09906 -0.29972) (layer F.SilkS) (width 0.19812))
    (fp_line (start 1.50114 1.39954) (end 1.50114 -1.39954) (layer F.SilkS) (width 0.19812))
    (fp_line (start -1.50114 -1.39954) (end -1.50114 1.39954) (layer F.SilkS) (width 0.19812))
    (fp_circle (center 0 0) (end -1.19888 0) (layer F.SilkS) (width 0.19812))
    (fp_line (start -0.19812 -0.50038) (end -0.19812 0.50038) (layer F.SilkS) (width 0.19812))
    (fp_line (start -0.19812 0.50038) (end 0.29972 0) (layer F.SilkS) (width 0.19812))
    (fp_line (start 0.29972 0) (end -0.19812 -0.50038) (layer F.SilkS) (width 0.19812))
    (fp_line (start 0.8001 1.39954) (end 1.4986 0.70104) (layer F.SilkS) (width 0.19812))
    (fp_line (start 1.19888 1.39954) (end 1.4986 1.09982) (layer F.SilkS) (width 0.19812))
    (fp_line (start 1.4986 1.19888) (end 1.30048 1.39954) (layer F.SilkS) (width 0.19812))
    (fp_line (start 0.99822 1.39954) (end 1.4986 0.89916) (layer F.SilkS) (width 0.19812))
    (fp_line (start -1.69926 -1.39954) (end -1.69926 1.39954) (layer F.SilkS) (width 0.19812))
    (fp_line (start -1.69926 1.39954) (end 1.69926 1.39954) (layer F.SilkS) (width 0.19812))
    (fp_line (start 1.69926 1.39954) (end 1.69926 -1.39954) (layer F.SilkS) (width 0.19812))
    (fp_line (start 1.69926 -1.397) (end -1.69926 -1.397) (layer F.SilkS) (width 0.19812))
    (pad 1 smd rect (at -1.4986 0) (size 1.79578 2.69748) (layers F.Cu F.Paste F.Mask)
      (net 1 GND))
    (pad 2 smd rect (at 1.4986 0) (size 1.79578 2.69748) (layers F.Cu F.Paste F.Mask)
      (net 6 "Net-(D5-Pad2)"))
    (model walter/smd_leds/led_plcc2_3528.wrl
      (at (xyz 0 0 0))
      (scale (xyz 1 1 1))
      (rotate (xyz 0 0 0))
    )
  )

  (module w_smd_leds:Led_PLCC2_3528 (layer F.Cu) (tedit 5D4083FC) (tstamp 5D4205BC)
    (at 123.444 93.726)
    (descr "3528 PLCC2 SMD led")
    (path /5D3F81D2)
    (fp_text reference D6 (at 3.389 -0.7856) (layer F.SilkS)
      (effects (font (size 0.5 0.5) (thickness 0.125)))
    )
    (fp_text value P5 (at 3.64302 0.103428) (layer F.SilkS)
      (effects (font (size 0.8001 0.8001) (thickness 0.14986)))
    )
    (fp_line (start 1.69926 -1.397) (end -1.69926 -1.397) (layer F.SilkS) (width 0.19812))
    (fp_line (start 1.69926 1.39954) (end 1.69926 -1.39954) (layer F.SilkS) (width 0.19812))
    (fp_line (start -1.69926 1.39954) (end 1.69926 1.39954) (layer F.SilkS) (width 0.19812))
    (fp_line (start -1.69926 -1.39954) (end -1.69926 1.39954) (layer F.SilkS) (width 0.19812))
    (fp_line (start 0.99822 1.39954) (end 1.4986 0.89916) (layer F.SilkS) (width 0.19812))
    (fp_line (start 1.4986 1.19888) (end 1.30048 1.39954) (layer F.SilkS) (width 0.19812))
    (fp_line (start 1.19888 1.39954) (end 1.4986 1.09982) (layer F.SilkS) (width 0.19812))
    (fp_line (start 0.8001 1.39954) (end 1.4986 0.70104) (layer F.SilkS) (width 0.19812))
    (fp_line (start 0.29972 0) (end -0.19812 -0.50038) (layer F.SilkS) (width 0.19812))
    (fp_line (start -0.19812 0.50038) (end 0.29972 0) (layer F.SilkS) (width 0.19812))
    (fp_line (start -0.19812 -0.50038) (end -0.19812 0.50038) (layer F.SilkS) (width 0.19812))
    (fp_circle (center 0 0) (end -1.19888 0) (layer F.SilkS) (width 0.19812))
    (fp_line (start -1.50114 -1.39954) (end -1.50114 1.39954) (layer F.SilkS) (width 0.19812))
    (fp_line (start 1.50114 1.39954) (end 1.50114 -1.39954) (layer F.SilkS) (width 0.19812))
    (fp_line (start -0.09906 0.29972) (end -0.09906 -0.29972) (layer F.SilkS) (width 0.19812))
    (fp_line (start 0.09906 0.20066) (end 0.09906 -0.20066) (layer F.SilkS) (width 0.19812))
    (pad 2 smd rect (at 1.4986 0) (size 1.79578 2.69748) (layers F.Cu F.Paste F.Mask)
      (net 7 "Net-(D6-Pad2)"))
    (pad 1 smd rect (at -1.4986 0) (size 1.79578 2.69748) (layers F.Cu F.Paste F.Mask)
      (net 1 GND))
    (model walter/smd_leds/led_plcc2_3528.wrl
      (at (xyz 0 0 0))
      (scale (xyz 1 1 1))
      (rotate (xyz 0 0 0))
    )
  )

  (module w_smd_leds:Led_PLCC2_3528 (layer F.Cu) (tedit 5D408406) (tstamp 5D420481)
    (at 123.444 97.028)
    (descr "3528 PLCC2 SMD led")
    (path /5D3F81AE)
    (fp_text reference D7 (at 3.389 -0.786) (layer F.SilkS)
      (effects (font (size 0.5 0.5) (thickness 0.125)))
    )
    (fp_text value P6 (at 3.64302 0.103428) (layer F.SilkS)
      (effects (font (size 0.8001 0.8001) (thickness 0.14986)))
    )
    (fp_line (start 0.09906 0.20066) (end 0.09906 -0.20066) (layer F.SilkS) (width 0.19812))
    (fp_line (start -0.09906 0.29972) (end -0.09906 -0.29972) (layer F.SilkS) (width 0.19812))
    (fp_line (start 1.50114 1.39954) (end 1.50114 -1.39954) (layer F.SilkS) (width 0.19812))
    (fp_line (start -1.50114 -1.39954) (end -1.50114 1.39954) (layer F.SilkS) (width 0.19812))
    (fp_circle (center 0 0) (end -1.19888 0) (layer F.SilkS) (width 0.19812))
    (fp_line (start -0.19812 -0.50038) (end -0.19812 0.50038) (layer F.SilkS) (width 0.19812))
    (fp_line (start -0.19812 0.50038) (end 0.29972 0) (layer F.SilkS) (width 0.19812))
    (fp_line (start 0.29972 0) (end -0.19812 -0.50038) (layer F.SilkS) (width 0.19812))
    (fp_line (start 0.8001 1.39954) (end 1.4986 0.70104) (layer F.SilkS) (width 0.19812))
    (fp_line (start 1.19888 1.39954) (end 1.4986 1.09982) (layer F.SilkS) (width 0.19812))
    (fp_line (start 1.4986 1.19888) (end 1.30048 1.39954) (layer F.SilkS) (width 0.19812))
    (fp_line (start 0.99822 1.39954) (end 1.4986 0.89916) (layer F.SilkS) (width 0.19812))
    (fp_line (start -1.69926 -1.39954) (end -1.69926 1.39954) (layer F.SilkS) (width 0.19812))
    (fp_line (start -1.69926 1.39954) (end 1.69926 1.39954) (layer F.SilkS) (width 0.19812))
    (fp_line (start 1.69926 1.39954) (end 1.69926 -1.39954) (layer F.SilkS) (width 0.19812))
    (fp_line (start 1.69926 -1.397) (end -1.69926 -1.397) (layer F.SilkS) (width 0.19812))
    (pad 1 smd rect (at -1.4986 0) (size 1.79578 2.69748) (layers F.Cu F.Paste F.Mask)
      (net 1 GND))
    (pad 2 smd rect (at 1.4986 0) (size 1.79578 2.69748) (layers F.Cu F.Paste F.Mask)
      (net 8 "Net-(D7-Pad2)"))
    (model walter/smd_leds/led_plcc2_3528.wrl
      (at (xyz 0 0 0))
      (scale (xyz 1 1 1))
      (rotate (xyz 0 0 0))
    )
  )

  (module w_smd_leds:Led_PLCC2_3528 (layer F.Cu) (tedit 5D408410) (tstamp 5D420442)
    (at 123.444 100.33)
    (descr "3528 PLCC2 SMD led")
    (path /5D3F7E0F)
    (fp_text reference D8 (at 3.389 -0.786) (layer F.SilkS)
      (effects (font (size 0.5 0.5) (thickness 0.125)))
    )
    (fp_text value P7 (at 3.64302 0.103428) (layer F.SilkS)
      (effects (font (size 0.8001 0.8001) (thickness 0.14986)))
    )
    (fp_line (start 1.69926 -1.397) (end -1.69926 -1.397) (layer F.SilkS) (width 0.19812))
    (fp_line (start 1.69926 1.39954) (end 1.69926 -1.39954) (layer F.SilkS) (width 0.19812))
    (fp_line (start -1.69926 1.39954) (end 1.69926 1.39954) (layer F.SilkS) (width 0.19812))
    (fp_line (start -1.69926 -1.39954) (end -1.69926 1.39954) (layer F.SilkS) (width 0.19812))
    (fp_line (start 0.99822 1.39954) (end 1.4986 0.89916) (layer F.SilkS) (width 0.19812))
    (fp_line (start 1.4986 1.19888) (end 1.30048 1.39954) (layer F.SilkS) (width 0.19812))
    (fp_line (start 1.19888 1.39954) (end 1.4986 1.09982) (layer F.SilkS) (width 0.19812))
    (fp_line (start 0.8001 1.39954) (end 1.4986 0.70104) (layer F.SilkS) (width 0.19812))
    (fp_line (start 0.29972 0) (end -0.19812 -0.50038) (layer F.SilkS) (width 0.19812))
    (fp_line (start -0.19812 0.50038) (end 0.29972 0) (layer F.SilkS) (width 0.19812))
    (fp_line (start -0.19812 -0.50038) (end -0.19812 0.50038) (layer F.SilkS) (width 0.19812))
    (fp_circle (center 0 0) (end -1.19888 0) (layer F.SilkS) (width 0.19812))
    (fp_line (start -1.50114 -1.39954) (end -1.50114 1.39954) (layer F.SilkS) (width 0.19812))
    (fp_line (start 1.50114 1.39954) (end 1.50114 -1.39954) (layer F.SilkS) (width 0.19812))
    (fp_line (start -0.09906 0.29972) (end -0.09906 -0.29972) (layer F.SilkS) (width 0.19812))
    (fp_line (start 0.09906 0.20066) (end 0.09906 -0.20066) (layer F.SilkS) (width 0.19812))
    (pad 2 smd rect (at 1.4986 0) (size 1.79578 2.69748) (layers F.Cu F.Paste F.Mask)
      (net 9 "Net-(D8-Pad2)"))
    (pad 1 smd rect (at -1.4986 0) (size 1.79578 2.69748) (layers F.Cu F.Paste F.Mask)
      (net 1 GND))
    (model walter/smd_leds/led_plcc2_3528.wrl
      (at (xyz 0 0 0))
      (scale (xyz 1 1 1))
      (rotate (xyz 0 0 0))
    )
  )

  (module w_pin_strip:pin_strip_9 (layer B.Cu) (tedit 0) (tstamp 5D417E0B)
    (at 146.7 88.7966 270)
    (descr "Pin strip 9pin")
    (tags "CONN DEV")
    (path /5D3F95D1)
    (fp_text reference J1 (at 10.2634 1.92 270) (layer B.SilkS)
      (effects (font (size 1.016 1.016) (thickness 0.2032)) (justify mirror))
    )
    (fp_text value Conn_01x09_Female (at 0.254 3.556 270) (layer B.SilkS) hide
      (effects (font (size 1.016 0.889) (thickness 0.2032)) (justify mirror))
    )
    (fp_line (start -8.89 1.27) (end -8.89 -1.27) (layer B.SilkS) (width 0.3048))
    (fp_line (start -11.43 1.27) (end 11.43 1.27) (layer B.SilkS) (width 0.3048))
    (fp_line (start 11.43 1.27) (end 11.43 -1.27) (layer B.SilkS) (width 0.3048))
    (fp_line (start 11.43 -1.27) (end -11.43 -1.27) (layer B.SilkS) (width 0.3048))
    (fp_line (start -11.43 -1.27) (end -11.43 1.27) (layer B.SilkS) (width 0.3048))
    (pad 1 thru_hole rect (at -10.16 0 270) (size 1.524 2.19964) (drill 1.00076) (layers *.Cu *.Mask B.SilkS)
      (net 10 "Net-(J1-Pad1)"))
    (pad 2 thru_hole oval (at -7.62 0 270) (size 1.524 2.19964) (drill 1.00076) (layers *.Cu *.Mask B.SilkS)
      (net 11 "Net-(J1-Pad2)"))
    (pad 3 thru_hole oval (at -5.08 0 270) (size 1.524 2.19964) (drill 1.00076) (layers *.Cu *.Mask B.SilkS)
      (net 12 "Net-(J1-Pad3)"))
    (pad 4 thru_hole oval (at -2.54 0 270) (size 1.524 2.19964) (drill 1.00076) (layers *.Cu *.Mask B.SilkS)
      (net 13 "Net-(J1-Pad4)"))
    (pad 5 thru_hole oval (at 0 0 270) (size 1.524 2.19964) (drill 1.00076) (layers *.Cu *.Mask B.SilkS)
      (net 14 "Net-(J1-Pad5)"))
    (pad 6 thru_hole oval (at 2.54 0 270) (size 1.524 2.19964) (drill 1.00076) (layers *.Cu *.Mask B.SilkS)
      (net 15 "Net-(J1-Pad6)"))
    (pad 7 thru_hole oval (at 5.08 0 270) (size 1.524 2.19964) (drill 1.00076) (layers *.Cu *.Mask B.SilkS)
      (net 16 "Net-(J1-Pad7)"))
    (pad 8 thru_hole oval (at 7.62 0 270) (size 1.524 2.19964) (drill 1.00076) (layers *.Cu *.Mask B.SilkS)
      (net 17 "Net-(J1-Pad8)"))
    (pad 9 thru_hole oval (at 10.16 0 270) (size 1.524 2.19964) (drill 1.00076) (layers *.Cu *.Mask B.SilkS)
      (net 1 GND))
    (model walter/pin_strip/pin_strip_9.wrl
      (at (xyz 0 0 0))
      (scale (xyz 1 1 1))
      (rotate (xyz 0 0 0))
    )
  )

  (module Resistors_SMD:R_1206 (layer F.Cu) (tedit 5D407420) (tstamp 5D42A9E7)
    (at 131.75 79.9066 180)
    (descr "Resistor SMD 1206, reflow soldering, Vishay (see dcrcw.pdf)")
    (tags "resistor 1206")
    (path /5D3F82F5)
    (attr smd)
    (fp_text reference R1 (at 2.75598 0.150572 180) (layer F.SilkS)
      (effects (font (size 0.5 0.5) (thickness 0.125)))
    )
    (fp_text value 220 (at 0 -0.103428 180) (layer F.Fab)
      (effects (font (size 0.5 0.5) (thickness 0.125)))
    )
    (fp_text user %R (at 2.75598 0.150572 180) (layer F.Fab)
      (effects (font (size 0.5 0.5) (thickness 0.105)))
    )
    (fp_line (start -1.6 0.8) (end -1.6 -0.8) (layer F.Fab) (width 0.1))
    (fp_line (start 1.6 0.8) (end -1.6 0.8) (layer F.Fab) (width 0.1))
    (fp_line (start 1.6 -0.8) (end 1.6 0.8) (layer F.Fab) (width 0.1))
    (fp_line (start -1.6 -0.8) (end 1.6 -0.8) (layer F.Fab) (width 0.1))
    (fp_line (start 1 1.07) (end -1 1.07) (layer F.SilkS) (width 0.12))
    (fp_line (start -1 -1.07) (end 1 -1.07) (layer F.SilkS) (width 0.12))
    (fp_line (start -2.15 -1.11) (end 2.15 -1.11) (layer F.CrtYd) (width 0.05))
    (fp_line (start -2.15 -1.11) (end -2.15 1.1) (layer F.CrtYd) (width 0.05))
    (fp_line (start 2.15 1.1) (end 2.15 -1.11) (layer F.CrtYd) (width 0.05))
    (fp_line (start 2.15 1.1) (end -2.15 1.1) (layer F.CrtYd) (width 0.05))
    (pad 1 smd rect (at -1.45 0 180) (size 0.9 1.7) (layers F.Cu F.Paste F.Mask)
      (net 10 "Net-(J1-Pad1)"))
    (pad 2 smd rect (at 1.45 0 180) (size 0.9 1.7) (layers F.Cu F.Paste F.Mask)
      (net 2 "Net-(D1-Pad2)"))
    (model ${KISYS3DMOD}/Resistors_SMD.3dshapes/R_1206.wrl
      (at (xyz 0 0 0))
      (scale (xyz 1 1 1))
      (rotate (xyz 0 0 0))
    )
  )

  (module Resistors_SMD:R_1206 (layer F.Cu) (tedit 5D40767B) (tstamp 5D42A975)
    (at 131.75 82.4466 180)
    (descr "Resistor SMD 1206, reflow soldering, Vishay (see dcrcw.pdf)")
    (tags "resistor 1206")
    (path /5D3F85B5)
    (attr smd)
    (fp_text reference R2 (at 2.75598 0.150572 180) (layer F.SilkS)
      (effects (font (size 0.5 0.5) (thickness 0.125)))
    )
    (fp_text value 220 (at 0 -0.103428 180) (layer F.Fab)
      (effects (font (size 0.5 0.5) (thickness 0.125)))
    )
    (fp_line (start 2.15 1.1) (end -2.15 1.1) (layer F.CrtYd) (width 0.05))
    (fp_line (start 2.15 1.1) (end 2.15 -1.11) (layer F.CrtYd) (width 0.05))
    (fp_line (start -2.15 -1.11) (end -2.15 1.1) (layer F.CrtYd) (width 0.05))
    (fp_line (start -2.15 -1.11) (end 2.15 -1.11) (layer F.CrtYd) (width 0.05))
    (fp_line (start -1 -1.07) (end 1 -1.07) (layer F.SilkS) (width 0.12))
    (fp_line (start 1 1.07) (end -1 1.07) (layer F.SilkS) (width 0.12))
    (fp_line (start -1.6 -0.8) (end 1.6 -0.8) (layer F.Fab) (width 0.1))
    (fp_line (start 1.6 -0.8) (end 1.6 0.8) (layer F.Fab) (width 0.1))
    (fp_line (start 1.6 0.8) (end -1.6 0.8) (layer F.Fab) (width 0.1))
    (fp_line (start -1.6 0.8) (end -1.6 -0.8) (layer F.Fab) (width 0.1))
    (fp_text user %R (at 2.75598 0.150572 180) (layer F.Fab)
      (effects (font (size 0.5 0.5) (thickness 0.105)))
    )
    (pad 2 smd rect (at 1.45 0 180) (size 0.9 1.7) (layers F.Cu F.Paste F.Mask)
      (net 3 "Net-(D2-Pad2)"))
    (pad 1 smd rect (at -1.45 0 180) (size 0.9 1.7) (layers F.Cu F.Paste F.Mask)
      (net 11 "Net-(J1-Pad2)"))
    (model ${KISYS3DMOD}/Resistors_SMD.3dshapes/R_1206.wrl
      (at (xyz 0 0 0))
      (scale (xyz 1 1 1))
      (rotate (xyz 0 0 0))
    )
  )

  (module Resistors_SMD:R_1206 (layer F.Cu) (tedit 5D40766E) (tstamp 5D42964E)
    (at 131.739 84.9866 180)
    (descr "Resistor SMD 1206, reflow soldering, Vishay (see dcrcw.pdf)")
    (tags "resistor 1206")
    (path /5D3F8697)
    (attr smd)
    (fp_text reference R3 (at 2.68198 0.150572 180) (layer F.SilkS)
      (effects (font (size 0.5 0.5) (thickness 0.125)))
    )
    (fp_text value 220 (at 0 -0.103428 180) (layer F.Fab)
      (effects (font (size 0.5 0.5) (thickness 0.125)))
    )
    (fp_text user %R (at 2.68198 0.150572 180) (layer F.Fab)
      (effects (font (size 0.5 0.5) (thickness 0.105)))
    )
    (fp_line (start -1.6 0.8) (end -1.6 -0.8) (layer F.Fab) (width 0.1))
    (fp_line (start 1.6 0.8) (end -1.6 0.8) (layer F.Fab) (width 0.1))
    (fp_line (start 1.6 -0.8) (end 1.6 0.8) (layer F.Fab) (width 0.1))
    (fp_line (start -1.6 -0.8) (end 1.6 -0.8) (layer F.Fab) (width 0.1))
    (fp_line (start 1 1.07) (end -1 1.07) (layer F.SilkS) (width 0.12))
    (fp_line (start -1 -1.07) (end 1 -1.07) (layer F.SilkS) (width 0.12))
    (fp_line (start -2.15 -1.11) (end 2.15 -1.11) (layer F.CrtYd) (width 0.05))
    (fp_line (start -2.15 -1.11) (end -2.15 1.1) (layer F.CrtYd) (width 0.05))
    (fp_line (start 2.15 1.1) (end 2.15 -1.11) (layer F.CrtYd) (width 0.05))
    (fp_line (start 2.15 1.1) (end -2.15 1.1) (layer F.CrtYd) (width 0.05))
    (pad 1 smd rect (at -1.45 0 180) (size 0.9 1.7) (layers F.Cu F.Paste F.Mask)
      (net 12 "Net-(J1-Pad3)"))
    (pad 2 smd rect (at 1.45 0 180) (size 0.9 1.7) (layers F.Cu F.Paste F.Mask)
      (net 4 "Net-(D3-Pad2)"))
    (model ${KISYS3DMOD}/Resistors_SMD.3dshapes/R_1206.wrl
      (at (xyz 0 0 0))
      (scale (xyz 1 1 1))
      (rotate (xyz 0 0 0))
    )
  )

  (module Resistors_SMD:R_1206 (layer F.Cu) (tedit 5D407637) (tstamp 5D42965E)
    (at 131.739 87.5266 180)
    (descr "Resistor SMD 1206, reflow soldering, Vishay (see dcrcw.pdf)")
    (tags "resistor 1206")
    (path /5D3F86CD)
    (attr smd)
    (fp_text reference R4 (at 2.68198 0.150572 180) (layer F.SilkS)
      (effects (font (size 0.5 0.5) (thickness 0.125)))
    )
    (fp_text value 220 (at 0 -0.103428 180) (layer F.Fab)
      (effects (font (size 0.5 0.5) (thickness 0.125)))
    )
    (fp_line (start 2.15 1.1) (end -2.15 1.1) (layer F.CrtYd) (width 0.05))
    (fp_line (start 2.15 1.1) (end 2.15 -1.11) (layer F.CrtYd) (width 0.05))
    (fp_line (start -2.15 -1.11) (end -2.15 1.1) (layer F.CrtYd) (width 0.05))
    (fp_line (start -2.15 -1.11) (end 2.15 -1.11) (layer F.CrtYd) (width 0.05))
    (fp_line (start -1 -1.07) (end 1 -1.07) (layer F.SilkS) (width 0.12))
    (fp_line (start 1 1.07) (end -1 1.07) (layer F.SilkS) (width 0.12))
    (fp_line (start -1.6 -0.8) (end 1.6 -0.8) (layer F.Fab) (width 0.1))
    (fp_line (start 1.6 -0.8) (end 1.6 0.8) (layer F.Fab) (width 0.1))
    (fp_line (start 1.6 0.8) (end -1.6 0.8) (layer F.Fab) (width 0.1))
    (fp_line (start -1.6 0.8) (end -1.6 -0.8) (layer F.Fab) (width 0.1))
    (fp_text user %R (at 2.68198 0.150572 180) (layer F.Fab)
      (effects (font (size 0.5 0.5) (thickness 0.105)))
    )
    (pad 2 smd rect (at 1.45 0 180) (size 0.9 1.7) (layers F.Cu F.Paste F.Mask)
      (net 5 "Net-(D4-Pad2)"))
    (pad 1 smd rect (at -1.45 0 180) (size 0.9 1.7) (layers F.Cu F.Paste F.Mask)
      (net 13 "Net-(J1-Pad4)"))
    (model ${KISYS3DMOD}/Resistors_SMD.3dshapes/R_1206.wrl
      (at (xyz 0 0 0))
      (scale (xyz 1 1 1))
      (rotate (xyz 0 0 0))
    )
  )

  (module Resistors_SMD:R_1206 (layer F.Cu) (tedit 5D40761E) (tstamp 5D42966E)
    (at 131.813 90.0666 180)
    (descr "Resistor SMD 1206, reflow soldering, Vishay (see dcrcw.pdf)")
    (tags "resistor 1206")
    (path /5D3F8705)
    (attr smd)
    (fp_text reference R5 (at 2.75598 0.150572 180) (layer F.SilkS)
      (effects (font (size 0.5 0.5) (thickness 0.125)))
    )
    (fp_text value 220 (at 0 -0.103428 180) (layer F.Fab)
      (effects (font (size 0.5 0.5) (thickness 0.125)))
    )
    (fp_text user %R (at 2.75598 0.150572 180) (layer F.Fab)
      (effects (font (size 0.5 0.5) (thickness 0.105)))
    )
    (fp_line (start -1.6 0.8) (end -1.6 -0.8) (layer F.Fab) (width 0.1))
    (fp_line (start 1.6 0.8) (end -1.6 0.8) (layer F.Fab) (width 0.1))
    (fp_line (start 1.6 -0.8) (end 1.6 0.8) (layer F.Fab) (width 0.1))
    (fp_line (start -1.6 -0.8) (end 1.6 -0.8) (layer F.Fab) (width 0.1))
    (fp_line (start 1 1.07) (end -1 1.07) (layer F.SilkS) (width 0.12))
    (fp_line (start -1 -1.07) (end 1 -1.07) (layer F.SilkS) (width 0.12))
    (fp_line (start -2.15 -1.11) (end 2.15 -1.11) (layer F.CrtYd) (width 0.05))
    (fp_line (start -2.15 -1.11) (end -2.15 1.1) (layer F.CrtYd) (width 0.05))
    (fp_line (start 2.15 1.1) (end 2.15 -1.11) (layer F.CrtYd) (width 0.05))
    (fp_line (start 2.15 1.1) (end -2.15 1.1) (layer F.CrtYd) (width 0.05))
    (pad 1 smd rect (at -1.45 0 180) (size 0.9 1.7) (layers F.Cu F.Paste F.Mask)
      (net 14 "Net-(J1-Pad5)"))
    (pad 2 smd rect (at 1.45 0 180) (size 0.9 1.7) (layers F.Cu F.Paste F.Mask)
      (net 6 "Net-(D5-Pad2)"))
    (model ${KISYS3DMOD}/Resistors_SMD.3dshapes/R_1206.wrl
      (at (xyz 0 0 0))
      (scale (xyz 1 1 1))
      (rotate (xyz 0 0 0))
    )
  )

  (module Resistors_SMD:R_1206 (layer F.Cu) (tedit 5D40760E) (tstamp 5D42967E)
    (at 131.813 92.6066 180)
    (descr "Resistor SMD 1206, reflow soldering, Vishay (see dcrcw.pdf)")
    (tags "resistor 1206")
    (path /5D3F8747)
    (attr smd)
    (fp_text reference R6 (at 2.75598 0.150572 180) (layer F.SilkS)
      (effects (font (size 0.5 0.5) (thickness 0.125)))
    )
    (fp_text value 220 (at -0.03802 -0.103428 180) (layer F.Fab)
      (effects (font (size 0.5 0.5) (thickness 0.125)))
    )
    (fp_line (start 2.15 1.1) (end -2.15 1.1) (layer F.CrtYd) (width 0.05))
    (fp_line (start 2.15 1.1) (end 2.15 -1.11) (layer F.CrtYd) (width 0.05))
    (fp_line (start -2.15 -1.11) (end -2.15 1.1) (layer F.CrtYd) (width 0.05))
    (fp_line (start -2.15 -1.11) (end 2.15 -1.11) (layer F.CrtYd) (width 0.05))
    (fp_line (start -1 -1.07) (end 1 -1.07) (layer F.SilkS) (width 0.12))
    (fp_line (start 1 1.07) (end -1 1.07) (layer F.SilkS) (width 0.12))
    (fp_line (start -1.6 -0.8) (end 1.6 -0.8) (layer F.Fab) (width 0.1))
    (fp_line (start 1.6 -0.8) (end 1.6 0.8) (layer F.Fab) (width 0.1))
    (fp_line (start 1.6 0.8) (end -1.6 0.8) (layer F.Fab) (width 0.1))
    (fp_line (start -1.6 0.8) (end -1.6 -0.8) (layer F.Fab) (width 0.1))
    (fp_text user %R (at 2.75598 0.150572 180) (layer F.Fab)
      (effects (font (size 0.5 0.5) (thickness 0.105)))
    )
    (pad 2 smd rect (at 1.45 0 180) (size 0.9 1.7) (layers F.Cu F.Paste F.Mask)
      (net 7 "Net-(D6-Pad2)"))
    (pad 1 smd rect (at -1.45 0 180) (size 0.9 1.7) (layers F.Cu F.Paste F.Mask)
      (net 15 "Net-(J1-Pad6)"))
    (model ${KISYS3DMOD}/Resistors_SMD.3dshapes/R_1206.wrl
      (at (xyz 0 0 0))
      (scale (xyz 1 1 1))
      (rotate (xyz 0 0 0))
    )
  )

  (module Resistors_SMD:R_1206 (layer F.Cu) (tedit 5D407600) (tstamp 5D42968E)
    (at 131.813 95.1466 180)
    (descr "Resistor SMD 1206, reflow soldering, Vishay (see dcrcw.pdf)")
    (tags "resistor 1206")
    (path /5D3F87EF)
    (attr smd)
    (fp_text reference R7 (at 2.75598 0.150572 180) (layer F.SilkS)
      (effects (font (size 0.5 0.5) (thickness 0.125)))
    )
    (fp_text value 220 (at -0.03802 -0.103428 180) (layer F.Fab)
      (effects (font (size 0.5 0.5) (thickness 0.125)))
    )
    (fp_text user %R (at 2.75598 0.150572 180) (layer F.Fab)
      (effects (font (size 0.5 0.5) (thickness 0.105)))
    )
    (fp_line (start -1.6 0.8) (end -1.6 -0.8) (layer F.Fab) (width 0.1))
    (fp_line (start 1.6 0.8) (end -1.6 0.8) (layer F.Fab) (width 0.1))
    (fp_line (start 1.6 -0.8) (end 1.6 0.8) (layer F.Fab) (width 0.1))
    (fp_line (start -1.6 -0.8) (end 1.6 -0.8) (layer F.Fab) (width 0.1))
    (fp_line (start 1 1.07) (end -1 1.07) (layer F.SilkS) (width 0.12))
    (fp_line (start -1 -1.07) (end 1 -1.07) (layer F.SilkS) (width 0.12))
    (fp_line (start -2.15 -1.11) (end 2.15 -1.11) (layer F.CrtYd) (width 0.05))
    (fp_line (start -2.15 -1.11) (end -2.15 1.1) (layer F.CrtYd) (width 0.05))
    (fp_line (start 2.15 1.1) (end 2.15 -1.11) (layer F.CrtYd) (width 0.05))
    (fp_line (start 2.15 1.1) (end -2.15 1.1) (layer F.CrtYd) (width 0.05))
    (pad 1 smd rect (at -1.45 0 180) (size 0.9 1.7) (layers F.Cu F.Paste F.Mask)
      (net 16 "Net-(J1-Pad7)"))
    (pad 2 smd rect (at 1.45 0 180) (size 0.9 1.7) (layers F.Cu F.Paste F.Mask)
      (net 8 "Net-(D7-Pad2)"))
    (model ${KISYS3DMOD}/Resistors_SMD.3dshapes/R_1206.wrl
      (at (xyz 0 0 0))
      (scale (xyz 1 1 1))
      (rotate (xyz 0 0 0))
    )
  )

  (module Resistors_SMD:R_1206 (layer F.Cu) (tedit 5D4075F1) (tstamp 5D42969E)
    (at 131.813 97.6866 180)
    (descr "Resistor SMD 1206, reflow soldering, Vishay (see dcrcw.pdf)")
    (tags "resistor 1206")
    (path /5D3F8841)
    (attr smd)
    (fp_text reference R8 (at 2.75598 0.150572 180) (layer F.SilkS)
      (effects (font (size 0.5 0.5) (thickness 0.125)))
    )
    (fp_text value 220 (at 0 -0.103428 180) (layer F.Fab)
      (effects (font (size 0.5 0.5) (thickness 0.125)))
    )
    (fp_line (start 2.15 1.1) (end -2.15 1.1) (layer F.CrtYd) (width 0.05))
    (fp_line (start 2.15 1.1) (end 2.15 -1.11) (layer F.CrtYd) (width 0.05))
    (fp_line (start -2.15 -1.11) (end -2.15 1.1) (layer F.CrtYd) (width 0.05))
    (fp_line (start -2.15 -1.11) (end 2.15 -1.11) (layer F.CrtYd) (width 0.05))
    (fp_line (start -1 -1.07) (end 1 -1.07) (layer F.SilkS) (width 0.12))
    (fp_line (start 1 1.07) (end -1 1.07) (layer F.SilkS) (width 0.12))
    (fp_line (start -1.6 -0.8) (end 1.6 -0.8) (layer F.Fab) (width 0.1))
    (fp_line (start 1.6 -0.8) (end 1.6 0.8) (layer F.Fab) (width 0.1))
    (fp_line (start 1.6 0.8) (end -1.6 0.8) (layer F.Fab) (width 0.1))
    (fp_line (start -1.6 0.8) (end -1.6 -0.8) (layer F.Fab) (width 0.1))
    (fp_text user %R (at 2.75598 0.150572 180) (layer F.Fab)
      (effects (font (size 0.5 0.5) (thickness 0.105)))
    )
    (pad 2 smd rect (at 1.45 0 180) (size 0.9 1.7) (layers F.Cu F.Paste F.Mask)
      (net 9 "Net-(D8-Pad2)"))
    (pad 1 smd rect (at -1.45 0 180) (size 0.9 1.7) (layers F.Cu F.Paste F.Mask)
      (net 17 "Net-(J1-Pad8)"))
    (model ${KISYS3DMOD}/Resistors_SMD.3dshapes/R_1206.wrl
      (at (xyz 0 0 0))
      (scale (xyz 1 1 1))
      (rotate (xyz 0 0 0))
    )
  )

  (gr_line (start 127.508 75.438) (end 129.54 77.216) (layer Edge.Cuts) (width 0.15))
  (gr_line (start 127.508 102.108) (end 129.54 100.457) (layer Edge.Cuts) (width 0.15))
  (gr_line (start 119.9896 102.108) (end 127.508 102.108) (layer Edge.Cuts) (width 0.15) (tstamp 5D42073A))
  (gr_line (start 119.9896 75.438) (end 127.508 75.438) (layer Edge.Cuts) (width 0.15))
  (gr_arc (start 147.589168 99.945208) (end 147.589168 100.453208) (angle -104.0362435) (layer Edge.Cuts) (width 0.15) (tstamp 5D42ADC7))
  (gr_arc (start 147.574 77.708832) (end 148.082 77.708832) (angle -104.0362435) (layer Edge.Cuts) (width 0.15))
  (gr_text GND (at 142.875 99.06) (layer F.SilkS) (tstamp 5D42ACBF)
    (effects (font (size 1.5 1.5) (thickness 0.3)))
  )
  (gr_text P7 (at 143.51 96.52) (layer F.SilkS) (tstamp 5D42ACBD)
    (effects (font (size 1.5 1.5) (thickness 0.3)))
  )
  (gr_text P6 (at 143.51 93.98) (layer F.SilkS) (tstamp 5D42ACBB)
    (effects (font (size 1.5 1.5) (thickness 0.3)))
  )
  (gr_text P5 (at 143.51 91.44) (layer F.SilkS) (tstamp 5D42ACB9)
    (effects (font (size 1.5 1.5) (thickness 0.3)))
  )
  (gr_text P4 (at 143.51 88.9) (layer F.SilkS) (tstamp 5D42ACB7)
    (effects (font (size 1.5 1.5) (thickness 0.3)))
  )
  (gr_text P3 (at 143.51 86.36) (layer F.SilkS) (tstamp 5D42ACB5)
    (effects (font (size 1.5 1.5) (thickness 0.3)))
  )
  (gr_text P2 (at 143.51 83.82) (layer F.SilkS) (tstamp 5D42ACB3)
    (effects (font (size 1.5 1.5) (thickness 0.3)))
  )
  (gr_text P1 (at 143.51 81.28) (layer F.SilkS) (tstamp 5D42ACB1)
    (effects (font (size 1.5 1.5) (thickness 0.3)))
  )
  (gr_text P0 (at 143.51 78.74) (layer F.SilkS)
    (effects (font (size 1.5 1.5) (thickness 0.3)))
  )
  (gr_line (start 119.9896 102.108) (end 119.9896 75.438) (layer Edge.Cuts) (width 0.15) (tstamp 5D420626))
  (gr_line (start 147.574 100.457) (end 129.54 100.457) (layer Edge.Cuts) (width 0.2))
  (gr_line (start 148.082 77.724) (end 148.082 99.822) (layer Edge.Cuts) (width 0.2))
  (gr_line (start 129.54 77.216) (end 147.447 77.216) (layer Edge.Cuts) (width 0.2))
  (dimension 20.066 (width 0.3) (layer Dwgs.User)
    (gr_text "20.066 mm" (at 136.779 70.29) (layer Dwgs.User)
      (effects (font (size 1.5 1.5) (thickness 0.3)))
    )
    (feature1 (pts (xy 146.812 74.676) (xy 146.812 71.803579)))
    (feature2 (pts (xy 126.746 74.676) (xy 126.746 71.803579)))
    (crossbar (pts (xy 126.746 72.39) (xy 146.812 72.39)))
    (arrow1a (pts (xy 146.812 72.39) (xy 145.685496 72.976421)))
    (arrow1b (pts (xy 146.812 72.39) (xy 145.685496 71.803579)))
    (arrow2a (pts (xy 126.746 72.39) (xy 127.872504 72.976421)))
    (arrow2b (pts (xy 126.746 72.39) (xy 127.872504 71.803579)))
  )

  (segment (start 121.9704 90.424) (end 121.9704 92.2727) (width 0.5) (layer F.Cu) (net 1))
