(kicad_pcb (version 20171130) (host pcbnew "(5.0.0)")

  (general
    (thickness 1.6)
    (drawings 30)
    (tracks 398)
    (zones 0)
    (modules 51)
    (nets 48)
  )

  (page A4)
  (layers
    (0 F.Cu signal)
    (31 B.Cu signal)
    (32 B.Adhes user)
    (33 F.Adhes user)
    (34 B.Paste user)
    (35 F.Paste user)
    (36 B.SilkS user)
    (37 F.SilkS user)
    (38 B.Mask user)
    (39 F.Mask user)
    (40 Dwgs.User user)
    (41 Cmts.User user)
    (42 Eco1.User user)
    (43 Eco2.User user)
    (44 Edge.Cuts user)
    (45 Margin user)
    (46 B.CrtYd user)
    (47 F.CrtYd user)
    (48 B.Fab user)
    (49 F.Fab user)
  )

  (setup
    (last_trace_width 0.6)
    (trace_clearance 0.2)
    (zone_clearance 0.508)
    (zone_45_only no)
    (trace_min 0.2)
    (segment_width 0.05)
    (edge_width 0.15)
    (via_size 0.8)
    (via_drill 0.4)
    (via_min_size 0.4)
    (via_min_drill 0.3)
    (uvia_size 0.3)
    (uvia_drill 0.1)
    (uvias_allowed no)
    (uvia_min_size 0.2)
    (uvia_min_drill 0.1)
    (pcb_text_width 0.3)
    (pcb_text_size 1.5 1.5)
    (mod_edge_width 0.15)
    (mod_text_size 1 1)
    (mod_text_width 0.15)
    (pad_size 1.524 1.524)
    (pad_drill 0.762)
    (pad_to_mask_clearance 0.2)
    (aux_axis_origin 0 0)
    (visible_elements 7FFFFFFF)
    (pcbplotparams
      (layerselection 0x010fc_ffffffff)
      (usegerberextensions false)
      (usegerberattributes false)
      (usegerberadvancedattributes false)
      (creategerberjobfile false)
      (excludeedgelayer true)
      (linewidth 0.100000)
      (plotframeref false)
      (viasonmask false)
      (mode 1)
      (useauxorigin false)
      (hpglpennumber 1)
      (hpglpenspeed 20)
      (hpglpendiameter 15.000000)
      (psnegative false)
      (psa4output false)
      (plotreference true)
      (plotvalue true)
      (plotinvisibletext false)
      (padsonsilk false)
      (subtractmaskfromsilk false)
      (outputformat 1)
      (mirror false)
      (drillshape 0)
      (scaleselection 1)
      (outputdirectory "GerberFiles/"))
  )

  (net 0 "")
  (net 1 +5V)
  (net 2 GND)
  (net 3 "Net-(C5-Pad2)")
  (net 4 "Net-(C6-Pad2)")
  (net 5 DTR)
  (net 6 D7)
  (net 7 D6)
  (net 8 D5)
  (net 9 D4)
  (net 10 Tx)
  (net 11 Rx)
  (net 12 +12V)
  (net 13 "Net-(D1-Pad2)")
  (net 14 "Net-(D3-Pad2)")
  (net 15 "Net-(D5-Pad2)")
  (net 16 "Net-(Q1-Pad1)")
  (net 17 "Net-(D4-Pad1)")
  (net 18 "Net-(J4-Pad3)")
  (net 19 "Net-(J4-Pad1)")
  (net 20 "Net-(J4-Pad2)")
  (net 21 "Net-(R4-Pad2)")
  (net 22 "Net-(R5-Pad1)")
  (net 23 "Net-(D6-Pad1)")
  (net 24 "Net-(D7-Pad2)")
  (net 25 "Net-(D8-Pad1)")
  (net 26 "Net-(D9-Pad2)")
  (net 27 "Net-(J3-Pad3)")
  (net 28 "Net-(J3-Pad1)")
  (net 29 "Net-(J3-Pad2)")
  (net 30 "Net-(Q2-Pad1)")
  (net 31 "Net-(Q3-Pad1)")
  (net 32 "Net-(Q4-Pad1)")
  (net 33 "Net-(R8-Pad2)")
  (net 34 "Net-(D2-Pad1)")
  (net 35 "Net-(D10-Pad2)")
  (net 36 "Net-(J1-Pad2)")
  (net 37 "Net-(J1-Pad1)")
  (net 38 "Net-(J1-Pad3)")
  (net 39 "Net-(J2-Pad3)")
  (net 40 "Net-(J2-Pad1)")
  (net 41 "Net-(J2-Pad2)")
  (net 42 "Net-(R3-Pad2)")
  (net 43 "Net-(R6-Pad1)")
  (net 44 "Net-(C1-Pad2)")
  (net 45 "Net-(R1-Pad1)")
  (net 46 "Net-(R2-Pad1)")
  (net 47 "Net-(R7-Pad2)")

  (net_class Default "Esta es la clase de red por defecto."
    (clearance 0.2)
    (trace_width 0.6)
    (via_dia 0.8)
    (via_drill 0.4)
    (uvia_dia 0.3)
    (uvia_drill 0.1)
    (add_net +12V)
    (add_net +5V)
    (add_net D4)
    (add_net D5)
    (add_net D6)
    (add_net D7)
    (add_net DTR)
    (add_net GND)
    (add_net "Net-(C1-Pad2)")
    (add_net "Net-(C5-Pad2)")
    (add_net "Net-(C6-Pad2)")
    (add_net "Net-(D1-Pad2)")
    (add_net "Net-(D10-Pad2)")
    (add_net "Net-(D2-Pad1)")
    (add_net "Net-(D3-Pad2)")
    (add_net "Net-(D4-Pad1)")
    (add_net "Net-(D5-Pad2)")
    (add_net "Net-(D6-Pad1)")
    (add_net "Net-(D7-Pad2)")
    (add_net "Net-(D8-Pad1)")
    (add_net "Net-(D9-Pad2)")
    (add_net "Net-(Q1-Pad1)")
    (add_net "Net-(Q2-Pad1)")
    (add_net "Net-(Q3-Pad1)")
    (add_net "Net-(Q4-Pad1)")
    (add_net "Net-(R1-Pad1)")
    (add_net "Net-(R2-Pad1)")
    (add_net "Net-(R3-Pad2)")
    (add_net "Net-(R4-Pad2)")
    (add_net "Net-(R5-Pad1)")
    (add_net "Net-(R6-Pad1)")
    (add_net "Net-(R7-Pad2)")
    (add_net "Net-(R8-Pad2)")
    (add_net Rx)
    (add_net Tx)
  )

  (net_class fuerza ""
    (clearance 0.8)
    (trace_width 2.5)
    (via_dia 0.8)
    (via_drill 0.4)
    (uvia_dia 0.5)
    (uvia_drill 0.1)
    (add_net "Net-(J1-Pad1)")
    (add_net "Net-(J1-Pad2)")
    (add_net "Net-(J1-Pad3)")
    (add_net "Net-(J2-Pad1)")
    (add_net "Net-(J2-Pad2)")
    (add_net "Net-(J2-Pad3)")
    (add_net "Net-(J3-Pad1)")
    (add_net "Net-(J3-Pad2)")
    (add_net "Net-(J3-Pad3)")
    (add_net "Net-(J4-Pad1)")
    (add_net "Net-(J4-Pad2)")
    (add_net "Net-(J4-Pad3)")
  )

  (module Panasonic:JS1-5V-F (layer F.Cu) (tedit 5BA56F0A) (tstamp 5BAAA92D)
    (at 166.37 83.82)
    (descr "Omron Relay SPDT, http://www.omron.com/ecb/products/pdf/en-g5le.pdf")
    (tags "Omron Relay SPDT")
    (path /5BACC19E)
    (fp_text reference K3 (at 0 4.064) (layer F.SilkS)
      (effects (font (size 1 1) (thickness 0.15)))
    )
    (fp_text value JS1-5V-F (at 0 18.288) (layer F.Fab)
      (effects (font (size 1 1) (thickness 0.15)))
    )
    (fp_line (start 0 -1.55) (end 1 -2.55) (layer F.Fab) (width 0.1))
    (fp_line (start 1.016 -2.5654) (end 7.874 -2.5654) (layer F.Fab) (width 0.1))
    (fp_line (start 7.874 -2.5654) (end 7.874 19.2532) (layer F.Fab) (width 0.1))
    (fp_line (start 7.874 19.2532) (end -7.9248 19.2532) (layer F.Fab) (width 0.1))
    (fp_line (start -7.9248 19.2278) (end -7.9248 -2.5654) (layer F.Fab) (width 0.1))
    (fp_line (start -7.8994 -2.5654) (end -1.016 -2.5654) (layer F.Fab) (width 0.1))
    (fp_line (start -1 -2.55) (end 0 -1.55) (layer F.Fab) (width 0.1))
    (fp_line (start -4.5 2) (end 4.5 2) (layer F.Fab) (width 0.1))
    (fp_line (start -0.35 2.4) (end 0.35 2) (layer F.SilkS) (width 0.12))
    (fp_line (start 0.35 2.8) (end 0.35 1.6) (layer F.SilkS) (width 0.12))
    (fp_line (start 0.35 1.6) (end -0.35 1.6) (layer F.SilkS) (width 0.12))
    (fp_line (start -0.35 1.6) (end -0.35 2.8) (layer F.SilkS) (width 0.12))
    (fp_line (start -0.35 2.8) (end 0.35 2.8) (layer F.SilkS) (width 0.12))
    (fp_line (start -1 -2.91) (end 1 -2.91) (layer F.SilkS) (width 0.12))
    (fp_line (start -4.5 2.2) (end -1.35 2.2) (layer F.SilkS) (width 0.12))
    (fp_line (start 1.35 2.2) (end 4.5 2.2) (layer F.SilkS) (width 0.12))
    (fp_line (start 8.0645 19.4437) (end 8.0645 -2.7559) (layer F.CrtYd) (width 0.05))
    (fp_line (start 8.0518 -2.7559) (end -8.1153 -2.7559) (layer F.CrtYd) (width 0.05))
    (fp_line (start -8.1153 -2.7432) (end -8.1153 19.4437) (layer F.CrtYd) (width 0.05))
    (fp_line (start -8.1153 19.4437) (end 8.0645 19.4437) (layer F.CrtYd) (width 0.05))
    (fp_text user %R (at 0 8.7) (layer F.Fab)
      (effects (font (size 1 1) (thickness 0.15)))
    )
    (fp_line (start 0 -2.667) (end -8.001 -2.667) (layer F.SilkS) (width 0.12))
    (fp_line (start -8.0264 -2.667) (end -8.0264 19.3548) (layer F.SilkS) (width 0.12))
    (fp_line (start -8.0264 19.3548) (end 7.9756 19.3548) (layer F.SilkS) (width 0.12))
    (fp_line (start 7.9756 19.3548) (end 7.9756 -2.667) (layer F.SilkS) (width 0.12))
    (fp_line (start 7.9756 -2.667) (end -0.0254 -2.667) (layer F.SilkS) (width 0.12))
    (pad 1 thru_hole rect (at 0 0) (size 2.5 2.5) (drill 1.3) (layers *.Cu *.Mask)
      (net 29 "Net-(J3-Pad2)"))
    (pad 2 thru_hole oval (at -6 2) (size 2.5 2.5) (drill 1.3) (layers *.Cu *.Mask)
      (net 1 +5V))
    (pad 3 thru_hole oval (at -6 14.2) (size 2.5 2.5) (drill 1.3) (layers *.Cu *.Mask)
      (net 28 "Net-(J3-Pad1)"))
    (pad 4 thru_hole oval (at 6 14.2) (size 2.5 2.5) (drill 1.3) (layers *.Cu *.Mask)
      (net 27 "Net-(J3-Pad3)"))
    (pad 5 thru_hole oval (at 6 2) (size 2.5 2.5) (drill 1.3) (layers *.Cu *.Mask)
      (net 15 "Net-(D5-Pad2)"))
    (model ${KISYS3DMOD}/Relay_THT.3dshapes/Relay_SPDT_Omron-G5LE-1.wrl
      (at (xyz 0 0 0))
      (scale (xyz 1 1 1))
      (rotate (xyz 0 0 0))
    )
    (model ${KISYS3DMOD}/Relays_ThroughHole.3dshapes/Relay_SANYOU_SRD_Series_Form_C.wrl
      (at (xyz 0 0 0))
      (scale (xyz 1 1 1))
      (rotate (xyz 0 0 90))
    )
  )

  (module Panasonic:JS1-5V-F (layer F.Cu) (tedit 5BA56F0A) (tstamp 5BAAF64E)
    (at 183.515 83.82)
    (descr "Omron Relay SPDT, http://www.omron.com/ecb/products/pdf/en-g5le.pdf")
    (tags "Omron Relay SPDT")
    (path /5BAC55D2)
    (fp_text reference K4 (at 0 4.064) (layer F.SilkS)
      (effects (font (size 1 1) (thickness 0.15)))
    )
    (fp_text value JS1-5V-F (at 0 18.288) (layer F.Fab)
      (effects (font (size 1 1) (thickness 0.15)))
    )
    (fp_line (start 7.9756 -2.667) (end -0.0254 -2.667) (layer F.SilkS) (width 0.12))
    (fp_line (start 7.9756 19.3548) (end 7.9756 -2.667) (layer F.SilkS) (width 0.12))
    (fp_line (start -8.0264 19.3548) (end 7.9756 19.3548) (layer F.SilkS) (width 0.12))
    (fp_line (start -8.0264 -2.667) (end -8.0264 19.3548) (layer F.SilkS) (width 0.12))
    (fp_line (start 0 -2.667) (end -8.001 -2.667) (layer F.SilkS) (width 0.12))
    (fp_text user %R (at 0 8.7) (layer F.Fab)
      (effects (font (size 1 1) (thickness 0.15)))
    )
    (fp_line (start -8.1153 19.4437) (end 8.0645 19.4437) (layer F.CrtYd) (width 0.05))
    (fp_line (start -8.1153 -2.7432) (end -8.1153 19.4437) (layer F.CrtYd) (width 0.05))
    (fp_line (start 8.0518 -2.7559) (end -8.1153 -2.7559) (layer F.CrtYd) (width 0.05))
    (fp_line (start 8.0645 19.4437) (end 8.0645 -2.7559) (layer F.CrtYd) (width 0.05))
    (fp_line (start 1.35 2.2) (end 4.5 2.2) (layer F.SilkS) (width 0.12))
    (fp_line (start -4.5 2.2) (end -1.35 2.2) (layer F.SilkS) (width 0.12))
    (fp_line (start -1 -2.91) (end 1 -2.91) (layer F.SilkS) (width 0.12))
    (fp_line (start -0.35 2.8) (end 0.35 2.8) (layer F.SilkS) (width 0.12))
    (fp_line (start -0.35 1.6) (end -0.35 2.8) (layer F.SilkS) (width 0.12))
    (fp_line (start 0.35 1.6) (end -0.35 1.6) (layer F.SilkS) (width 0.12))
    (fp_line (start 0.35 2.8) (end 0.35 1.6) (layer F.SilkS) (width 0.12))
    (fp_line (start -0.35 2.4) (end 0.35 2) (layer F.SilkS) (width 0.12))
    (fp_line (start -4.5 2) (end 4.5 2) (layer F.Fab) (width 0.1))
    (fp_line (start -1 -2.55) (end 0 -1.55) (layer F.Fab) (width 0.1))
    (fp_line (start -7.8994 -2.5654) (end -1.016 -2.5654) (layer F.Fab) (width 0.1))
    (fp_line (start -7.9248 19.2278) (end -7.9248 -2.5654) (layer F.Fab) (width 0.1))
    (fp_line (start 7.874 19.2532) (end -7.9248 19.2532) (layer F.Fab) (width 0.1))
    (fp_line (start 7.874 -2.5654) (end 7.874 19.2532) (layer F.Fab) (width 0.1))
    (fp_line (start 1.016 -2.5654) (end 7.874 -2.5654) (layer F.Fab) (width 0.1))
    (fp_line (start 0 -1.55) (end 1 -2.55) (layer F.Fab) (width 0.1))
    (pad 5 thru_hole oval (at 6 2) (size 2.5 2.5) (drill 1.3) (layers *.Cu *.Mask)
      (net 24 "Net-(D7-Pad2)"))
    (pad 4 thru_hole oval (at 6 14.2) (size 2.5 2.5) (drill 1.3) (layers *.Cu *.Mask)
      (net 18 "Net-(J4-Pad3)"))
    (pad 3 thru_hole oval (at -6 14.2) (size 2.5 2.5) (drill 1.3) (layers *.Cu *.Mask)
      (net 19 "Net-(J4-Pad1)"))
    (pad 2 thru_hole oval (at -6 2) (size 2.5 2.5) (drill 1.3) (layers *.Cu *.Mask)
      (net 1 +5V))
    (pad 1 thru_hole rect (at 0 0) (size 2.5 2.5) (drill 1.3) (layers *.Cu *.Mask)
      (net 20 "Net-(J4-Pad2)"))
    (model ${KISYS3DMOD}/Relay_THT.3dshapes/Relay_SPDT_Omron-G5LE-1.wrl
      (at (xyz 0 0 0))
      (scale (xyz 1 1 1))
      (rotate (xyz 0 0 0))
    )
    (model ${KISYS3DMOD}/Relays_ThroughHole.3dshapes/Relay_SANYOU_SRD_Series_Form_C.wrl
      (at (xyz 0 0 0))
      (scale (xyz 1 1 1))
      (rotate (xyz 0 0 90))
    )
  )

  (module Resistors_SMD:R_1206_HandSoldering (layer F.Cu) (tedit 58E0A804) (tstamp 5BAADC80)
    (at 145.288 71.66 270)
    (descr "Resistor SMD 1206, hand soldering")
    (tags "resistor 1206")
    (path /5BAA9F74)
    (attr smd)
    (fp_text reference R2 (at 0 -1.85 270) (layer F.SilkS)
      (effects (font (size 1 1) (thickness 0.15)))
    )
    (fp_text value 10K (at 0 1.9 270) (layer F.Fab)
      (effects (font (size 1 1) (thickness 0.15)))
    )
    (fp_text user %R (at 0 0 270) (layer F.Fab)
      (effects (font (size 0.7 0.7) (thickness 0.105)))
    )
    (fp_line (start -1.6 0.8) (end -1.6 -0.8) (layer F.Fab) (width 0.1))
    (fp_line (start 1.6 0.8) (end -1.6 0.8) (layer F.Fab) (width 0.1))
    (fp_line (start 1.6 -0.8) (end 1.6 0.8) (layer F.Fab) (width 0.1))
    (fp_line (start -1.6 -0.8) (end 1.6 -0.8) (layer F.Fab) (width 0.1))
    (fp_line (start 1 1.07) (end -1 1.07) (layer F.SilkS) (width 0.12))
    (fp_line (start -1 -1.07) (end 1 -1.07) (layer F.SilkS) (width 0.12))
    (fp_line (start -3.25 -1.11) (end 3.25 -1.11) (layer F.CrtYd) (width 0.05))
    (fp_line (start -3.25 -1.11) (end -3.25 1.1) (layer F.CrtYd) (width 0.05))
    (fp_line (start 3.25 1.1) (end 3.25 -1.11) (layer F.CrtYd) (width 0.05))
    (fp_line (start 3.25 1.1) (end -3.25 1.1) (layer F.CrtYd) (width 0.05))
    (pad 1 smd rect (at -2 0 270) (size 2 1.7) (layers F.Cu F.Paste F.Mask)
      (net 46 "Net-(R2-Pad1)"))
    (pad 2 smd rect (at 2 0 270) (size 2 1.7) (layers F.Cu F.Paste F.Mask)
      (net 30 "Net-(Q2-Pad1)"))
    (model ${KISYS3DMOD}/Resistors_SMD.3dshapes/R_1206.wrl
      (at (xyz 0 0 0))
      (scale (xyz 1 1 1))
      (rotate (xyz 0 0 0))
    )
  )

  (module Capacitors_SMD:C_0603_HandSoldering (layer F.Cu) (tedit 5BAA66EF) (tstamp 5BA4E908)
    (at 106.238 97.028 180)
    (descr "Capacitor SMD 0603, hand soldering")
    (tags "capacitor 0603")
    (path /5BA13C01)
    (attr smd)
    (fp_text reference C5 (at -3.175 0 180) (layer F.SilkS)
      (effects (font (size 1 1) (thickness 0.15)))
    )
    (fp_text value 22pF (at 3.556 0 180) (layer F.Fab)
      (effects (font (size 0.7 0.7) (thickness 0.15)))
    )
    (fp_text user %R (at -3.175 0 180) (layer F.Fab)
      (effects (font (size 1 1) (thickness 0.15)))
    )
    (fp_line (start -0.8 0.4) (end -0.8 -0.4) (layer F.Fab) (width 0.1))
    (fp_line (start 0.8 0.4) (end -0.8 0.4) (layer F.Fab) (width 0.1))
    (fp_line (start 0.8 -0.4) (end 0.8 0.4) (layer F.Fab) (width 0.1))
    (fp_line (start -0.8 -0.4) (end 0.8 -0.4) (layer F.Fab) (width 0.1))
    (fp_line (start -0.35 -0.6) (end 0.35 -0.6) (layer F.SilkS) (width 0.12))
    (fp_line (start 0.35 0.6) (end -0.35 0.6) (layer F.SilkS) (width 0.12))
    (fp_line (start -1.8 -0.65) (end 1.8 -0.65) (layer F.CrtYd) (width 0.05))
    (fp_line (start -1.8 -0.65) (end -1.8 0.65) (layer F.CrtYd) (width 0.05))
    (fp_line (start 1.8 0.65) (end 1.8 -0.65) (layer F.CrtYd) (width 0.05))
    (fp_line (start 1.8 0.65) (end -1.8 0.65) (layer F.CrtYd) (width 0.05))
    (pad 1 smd rect (at -0.95 0 180) (size 1.2 0.75) (layers F.Cu F.Paste F.Mask)
      (net 2 GND))
    (pad 2 smd rect (at 0.95 0 180) (size 1.2 0.75) (layers F.Cu F.Paste F.Mask)
      (net 3 "Net-(C5-Pad2)"))
    (model Capacitors_SMD.3dshapes/C_0603.wrl
      (at (xyz 0 0 0))
      (scale (xyz 1 1 1))
      (rotate (xyz 0 0 0))
    )
  )

  (module Capacitors_SMD:C_0603_HandSoldering (layer F.Cu) (tedit 5BAA6723) (tstamp 5BA4E918)
    (at 106.807 71.4375)
    (descr "Capacitor SMD 0603, hand soldering")
    (tags "capacitor 0603")
    (path /5BA147F2)
    (attr smd)
    (fp_text reference C6 (at 0 -1.25) (layer F.SilkS)
      (effects (font (size 1 1) (thickness 0.15)))
    )
    (fp_text value 0.1uF (at -3.556 0) (layer F.Fab)
      (effects (font (size 0.7 0.7) (thickness 0.15)))
    )
    (fp_text user %R (at 0 -1.25) (layer F.Fab)
      (effects (font (size 1 1) (thickness 0.15)))
    )
    (fp_line (start -0.8 0.4) (end -0.8 -0.4) (layer F.Fab) (width 0.1))
    (fp_line (start 0.8 0.4) (end -0.8 0.4) (layer F.Fab) (width 0.1))
    (fp_line (start 0.8 -0.4) (end 0.8 0.4) (layer F.Fab) (width 0.1))
    (fp_line (start -0.8 -0.4) (end 0.8 -0.4) (layer F.Fab) (width 0.1))
    (fp_line (start -0.35 -0.6) (end 0.35 -0.6) (layer F.SilkS) (width 0.12))
    (fp_line (start 0.35 0.6) (end -0.35 0.6) (layer F.SilkS) (width 0.12))
    (fp_line (start -1.8 -0.65) (end 1.8 -0.65) (layer F.CrtYd) (width 0.05))
    (fp_line (start -1.8 -0.65) (end -1.8 0.65) (layer F.CrtYd) (width 0.05))
    (fp_line (start 1.8 0.65) (end 1.8 -0.65) (layer F.CrtYd) (width 0.05))
    (fp_line (start 1.8 0.65) (end -1.8 0.65) (layer F.CrtYd) (width 0.05))
    (pad 1 smd rect (at -0.95 0) (size 1.2 0.75) (layers F.Cu F.Paste F.Mask)
      (net 5 DTR))
    (pad 2 smd rect (at 0.95 0) (size 1.2 0.75) (layers F.Cu F.Paste F.Mask)
      (net 4 "Net-(C6-Pad2)"))
    (model Capacitors_SMD.3dshapes/C_0603.wrl
      (at (xyz 0 0 0))
      (scale (xyz 1 1 1))
      (rotate (xyz 0 0 0))
    )
  )

  (module Panasonic:JS1-5V-F (layer F.Cu) (tedit 5BA56F0A) (tstamp 5BA6C685)
    (at 132.08 83.82)
    (descr "Omron Relay SPDT, http://www.omron.com/ecb/products/pdf/en-g5le.pdf")
    (tags "Omron Relay SPDT")
    (path /5BAC0BEE)
    (fp_text reference K1 (at 0 3.81) (layer F.SilkS)
      (effects (font (size 1 1) (thickness 0.15)))
    )
    (fp_text value JS1-5V-F (at 0 18.288) (layer F.Fab)
      (effects (font (size 1 1) (thickness 0.15)))
    )
    (fp_line (start 0 -1.55) (end 1 -2.55) (layer F.Fab) (width 0.1))
    (fp_line (start 1.016 -2.5654) (end 7.874 -2.5654) (layer F.Fab) (width 0.1))
    (fp_line (start 7.874 -2.5654) (end 7.874 19.2532) (layer F.Fab) (width 0.1))
    (fp_line (start 7.874 19.2532) (end -7.9248 19.2532) (layer F.Fab) (width 0.1))
    (fp_line (start -7.9248 19.2278) (end -7.9248 -2.5654) (layer F.Fab) (width 0.1))
    (fp_line (start -7.8994 -2.5654) (end -1.016 -2.5654) (layer F.Fab) (width 0.1))
    (fp_line (start -1 -2.55) (end 0 -1.55) (layer F.Fab) (width 0.1))
    (fp_line (start -4.5 2) (end 4.5 2) (layer F.Fab) (width 0.1))
    (fp_line (start -0.35 2.4) (end 0.35 2) (layer F.SilkS) (width 0.12))
    (fp_line (start 0.35 2.8) (end 0.35 1.6) (layer F.SilkS) (width 0.12))
    (fp_line (start 0.35 1.6) (end -0.35 1.6) (layer F.SilkS) (width 0.12))
    (fp_line (start -0.35 1.6) (end -0.35 2.8) (layer F.SilkS) (width 0.12))
    (fp_line (start -0.35 2.8) (end 0.35 2.8) (layer F.SilkS) (width 0.12))
    (fp_line (start -1 -2.91) (end 1 -2.91) (layer F.SilkS) (width 0.12))
    (fp_line (start -4.5 2.2) (end -1.35 2.2) (layer F.SilkS) (width 0.12))
    (fp_line (start 1.35 2.2) (end 4.5 2.2) (layer F.SilkS) (width 0.12))
    (fp_line (start 8.0645 19.4437) (end 8.0645 -2.7559) (layer F.CrtYd) (width 0.05))
    (fp_line (start 8.0518 -2.7559) (end -8.1153 -2.7559) (layer F.CrtYd) (width 0.05))
    (fp_line (start -8.1153 -2.7432) (end -8.1153 19.4437) (layer F.CrtYd) (width 0.05))
    (fp_line (start -8.1153 19.4437) (end 8.0645 19.4437) (layer F.CrtYd) (width 0.05))
    (fp_text user %R (at 0 8.7) (layer F.Fab)
      (effects (font (size 1 1) (thickness 0.15)))
    )
    (fp_line (start 0 -2.667) (end -8.001 -2.667) (layer F.SilkS) (width 0.12))
    (fp_line (start -8.0264 -2.667) (end -8.0264 19.3548) (layer F.SilkS) (width 0.12))
    (fp_line (start -8.0264 19.3548) (end 7.9756 19.3548) (layer F.SilkS) (width 0.12))
    (fp_line (start 7.9756 19.3548) (end 7.9756 -2.667) (layer F.SilkS) (width 0.12))
    (fp_line (start 7.9756 -2.667) (end -0.0254 -2.667) (layer F.SilkS) (width 0.12))
    (pad 1 thru_hole rect (at 0 0) (size 2.5 2.5) (drill 1.3) (layers *.Cu *.Mask)
      (net 36 "Net-(J1-Pad2)"))
    (pad 2 thru_hole oval (at -6 2) (size 2.5 2.5) (drill 1.3) (layers *.Cu *.Mask)
      (net 1 +5V))
    (pad 3 thru_hole oval (at -6 14.2) (size 2.5 2.5) (drill 1.3) (layers *.Cu *.Mask)
      (net 37 "Net-(J1-Pad1)"))
    (pad 4 thru_hole oval (at 6 14.2) (size 2.5 2.5) (drill 1.3) (layers *.Cu *.Mask)
      (net 38 "Net-(J1-Pad3)"))
    (pad 5 thru_hole oval (at 6 2) (size 2.5 2.5) (drill 1.3) (layers *.Cu *.Mask)
      (net 13 "Net-(D1-Pad2)"))
    (model ${KISYS3DMOD}/Relay_THT.3dshapes/Relay_SPDT_Omron-G5LE-1.wrl
      (at (xyz 0 0 0))
      (scale (xyz 1 1 1))
      (rotate (xyz 0 0 0))
    )
    (model ${KISYS3DMOD}/Relays_ThroughHole.3dshapes/Relay_SANYOU_SRD_Series_Form_C.wrl
      (at (xyz 0 0 0))
      (scale (xyz 1 1 1))
      (rotate (xyz 0 0 90))
    )
  )

  (module Resistors_SMD:R_1206_HandSoldering (layer F.Cu) (tedit 58E0A804) (tstamp 5BAC49D2)
    (at 127.508 71.755 270)
    (descr "Resistor SMD 1206, hand soldering")
    (tags "resistor 1206")
    (path /5BAC0C0B)
    (attr smd)
    (fp_text reference R1 (at 0 -1.85 270) (layer F.SilkS)
      (effects (font (size 1 1) (thickness 0.15)))
    )
    (fp_text value 10K (at 0 1.9 270) (layer F.Fab)
      (effects (font (size 1 1) (thickness 0.15)))
    )
    (fp_line (start 3.25 1.1) (end -3.25 1.1) (layer F.CrtYd) (width 0.05))
    (fp_line (start 3.25 1.1) (end 3.25 -1.11) (layer F.CrtYd) (width 0.05))
    (fp_line (start -3.25 -1.11) (end -3.25 1.1) (layer F.CrtYd) (width 0.05))
    (fp_line (start -3.25 -1.11) (end 3.25 -1.11) (layer F.CrtYd) (width 0.05))
    (fp_line (start -1 -1.07) (end 1 -1.07) (layer F.SilkS) (width 0.12))
    (fp_line (start 1 1.07) (end -1 1.07) (layer F.SilkS) (width 0.12))
    (fp_line (start -1.6 -0.8) (end 1.6 -0.8) (layer F.Fab) (width 0.1))
    (fp_line (start 1.6 -0.8) (end 1.6 0.8) (layer F.Fab) (width 0.1))
    (fp_line (start 1.6 0.8) (end -1.6 0.8) (layer F.Fab) (width 0.1))
    (fp_line (start -1.6 0.8) (end -1.6 -0.8) (layer F.Fab) (width 0.1))
    (fp_text user %R (at 0 0 270) (layer F.Fab)
      (effects (font (size 0.7 0.7) (thickness 0.105)))
    )
    (pad 2 smd rect (at 2 0 270) (size 2 1.7) (layers F.Cu F.Paste F.Mask)
      (net 16 "Net-(Q1-Pad1)"))
    (pad 1 smd rect (at -2 0 270) (size 2 1.7) (layers F.Cu F.Paste F.Mask)
      (net 45 "Net-(R1-Pad1)"))
    (model ${KISYS3DMOD}/Resistors_SMD.3dshapes/R_1206.wrl
      (at (xyz 0 0 0))
      (scale (xyz 1 1 1))
      (rotate (xyz 0 0 0))
    )
  )

  (module w_smd_leds:Led_PLCC2_3528 (layer F.Cu) (tedit 0) (tstamp 5BAADB44)
    (at 150.901 63.5 180)
    (descr "3528 PLCC2 SMD led")
    (path /5BA5B9C7)
    (fp_text reference D4 (at 0 -2.10058 180) (layer F.SilkS)
      (effects (font (size 0.8001 0.8001) (thickness 0.14986)))
    )
    (fp_text value NUC (at 0 2.19964 180) (layer F.SilkS)
      (effects (font (size 0.8001 0.8001) (thickness 0.14986)))
    )
    (fp_line (start 0.09906 0.20066) (end 0.09906 -0.20066) (layer F.SilkS) (width 0.19812))
    (fp_line (start -0.09906 0.29972) (end -0.09906 -0.29972) (layer F.SilkS) (width 0.19812))
    (fp_line (start 1.50114 1.39954) (end 1.50114 -1.39954) (layer F.SilkS) (width 0.19812))
    (fp_line (start -1.50114 -1.39954) (end -1.50114 1.39954) (layer F.SilkS) (width 0.19812))
    (fp_circle (center 0 0) (end -1.19888 0) (layer F.SilkS) (width 0.19812))
    (fp_line (start -0.19812 -0.50038) (end -0.19812 0.50038) (layer F.SilkS) (width 0.19812))
    (fp_line (start -0.19812 0.50038) (end 0.29972 0) (layer F.SilkS) (width 0.19812))
    (fp_line (start 0.29972 0) (end -0.19812 -0.50038) (layer F.SilkS) (width 0.19812))
    (fp_line (start 0.8001 1.39954) (end 1.4986 0.70104) (layer F.SilkS) (width 0.19812))
    (fp_line (start 1.19888 1.39954) (end 1.4986 1.09982) (layer F.SilkS) (width 0.19812))
    (fp_line (start 1.4986 1.19888) (end 1.30048 1.39954) (layer F.SilkS) (width 0.19812))
    (fp_line (start 0.99822 1.39954) (end 1.4986 0.89916) (layer F.SilkS) (width 0.19812))
    (fp_line (start -1.69926 -1.39954) (end -1.69926 1.39954) (layer F.SilkS) (width 0.19812))
    (fp_line (start -1.69926 1.39954) (end 1.69926 1.39954) (layer F.SilkS) (width 0.19812))
    (fp_line (start 1.69926 1.39954) (end 1.69926 -1.39954) (layer F.SilkS) (width 0.19812))
    (fp_line (start 1.69926 -1.397) (end -1.69926 -1.397) (layer F.SilkS) (width 0.19812))
    (pad 1 smd rect (at -1.4986 0 180) (size 1.79578 2.69748) (layers F.Cu F.Paste F.Mask)
      (net 17 "Net-(D4-Pad1)"))
    (pad 2 smd rect (at 1.4986 0 180) (size 1.79578 2.69748) (layers F.Cu F.Paste F.Mask)
      (net 9 D4))
    (model walter/smd_leds/led_plcc2_3528.wrl
      (at (xyz 0 0 0))
      (scale (xyz 1 1 1))
      (rotate (xyz 0 0 0))
    )
  )

  (module TO_SOT_Packages_SMD:SOT-23_Handsoldering (layer F.Cu) (tedit 583F3954) (tstamp 5BAADB58)
    (at 126.238 78.105 270)
    (descr "SOT-23, Handsoldering")
    (tags SOT-23)
    (path /5BAC0C21)
    (attr smd)
    (fp_text reference Q1 (at 0 -2.5 270) (layer F.SilkS)
      (effects (font (size 1 1) (thickness 0.15)))
    )
    (fp_text value MMBT5551L (at 0 2.5 270) (layer F.Fab)
      (effects (font (size 1 1) (thickness 0.15)))
    )
    (fp_line (start 0.76 1.58) (end 0.76 0.65) (layer F.SilkS) (width 0.12))
    (fp_line (start 0.76 -1.58) (end 0.76 -0.65) (layer F.SilkS) (width 0.12))
    (fp_line (start -2.7 -1.75) (end 2.7 -1.75) (layer F.CrtYd) (width 0.05))
    (fp_line (start 2.7 -1.75) (end 2.7 1.75) (layer F.CrtYd) (width 0.05))
    (fp_line (start 2.7 1.75) (end -2.7 1.75) (layer F.CrtYd) (width 0.05))
    (fp_line (start -2.7 1.75) (end -2.7 -1.75) (layer F.CrtYd) (width 0.05))
    (fp_line (start 0.76 -1.58) (end -2.4 -1.58) (layer F.SilkS) (width 0.12))
    (fp_line (start -0.7 -0.95) (end -0.7 1.5) (layer F.Fab) (width 0.1))
    (fp_line (start -0.15 -1.52) (end 0.7 -1.52) (layer F.Fab) (width 0.1))
    (fp_line (start -0.7 -0.95) (end -0.15 -1.52) (layer F.Fab) (width 0.1))
    (fp_line (start 0.7 -1.52) (end 0.7 1.52) (layer F.Fab) (width 0.1))
    (fp_line (start -0.7 1.52) (end 0.7 1.52) (layer F.Fab) (width 0.1))
    (fp_line (start 0.76 1.58) (end -0.7 1.58) (layer F.SilkS) (width 0.12))
    (pad 1 smd rect (at -1.5 -0.95 270) (size 1.9 0.8) (layers F.Cu F.Paste F.Mask)
      (net 16 "Net-(Q1-Pad1)"))
    (pad 2 smd rect (at -1.5 0.95 270) (size 1.9 0.8) (layers F.Cu F.Paste F.Mask)
      (net 2 GND))
    (pad 3 smd rect (at 1.5 0 270) (size 1.9 0.8) (layers F.Cu F.Paste F.Mask)
      (net 13 "Net-(D1-Pad2)"))
    (model TO_SOT_Packages_SMD.3dshapes\SOT-23_Handsoldering.wrl
      (at (xyz 0 0 0))
      (scale (xyz 1 1 1))
      (rotate (xyz 0 0 90))
    )
  )

  (module Resistors_SMD:R_1206_HandSoldering (layer F.Cu) (tedit 58E0A804) (tstamp 5BAC46FD)
    (at 123.698 71.85 90)
    (descr "Resistor SMD 1206, hand soldering")
    (tags "resistor 1206")
    (path /5BAC0BD3)
    (attr smd)
    (fp_text reference R3 (at 0 -1.85 90) (layer F.SilkS)
      (effects (font (size 1 1) (thickness 0.15)))
    )
    (fp_text value 1K (at 0 1.9 90) (layer F.Fab)
      (effects (font (size 1 1) (thickness 0.15)))
    )
    (fp_line (start 3.25 1.1) (end -3.25 1.1) (layer F.CrtYd) (width 0.05))
    (fp_line (start 3.25 1.1) (end 3.25 -1.11) (layer F.CrtYd) (width 0.05))
    (fp_line (start -3.25 -1.11) (end -3.25 1.1) (layer F.CrtYd) (width 0.05))
    (fp_line (start -3.25 -1.11) (end 3.25 -1.11) (layer F.CrtYd) (width 0.05))
    (fp_line (start -1 -1.07) (end 1 -1.07) (layer F.SilkS) (width 0.12))
    (fp_line (start 1 1.07) (end -1 1.07) (layer F.SilkS) (width 0.12))
    (fp_line (start -1.6 -0.8) (end 1.6 -0.8) (layer F.Fab) (width 0.1))
    (fp_line (start 1.6 -0.8) (end 1.6 0.8) (layer F.Fab) (width 0.1))
    (fp_line (start 1.6 0.8) (end -1.6 0.8) (layer F.Fab) (width 0.1))
    (fp_line (start -1.6 0.8) (end -1.6 -0.8) (layer F.Fab) (width 0.1))
    (fp_text user %R (at 0 0 90) (layer F.Fab)
      (effects (font (size 0.7 0.7) (thickness 0.105)))
    )
    (pad 2 smd rect (at 2 0 90) (size 2 1.7) (layers F.Cu F.Paste F.Mask)
      (net 42 "Net-(R3-Pad2)"))
    (pad 1 smd rect (at -2 0 90) (size 2 1.7) (layers F.Cu F.Paste F.Mask)
      (net 2 GND))
    (model ${KISYS3DMOD}/Resistors_SMD.3dshapes/R_1206.wrl
      (at (xyz 0 0 0))
      (scale (xyz 1 1 1))
      (rotate (xyz 0 0 0))
    )
  )

  (module Resistors_SMD:R_1206_HandSoldering (layer F.Cu) (tedit 58E0A804) (tstamp 5BAADB7A)
    (at 141.478 71.755 90)
    (descr "Resistor SMD 1206, hand soldering")
    (tags "resistor 1206")
    (path /5BA5B9C0)
    (attr smd)
    (fp_text reference R4 (at 0 -1.85 90) (layer F.SilkS)
      (effects (font (size 1 1) (thickness 0.15)))
    )
    (fp_text value 1K (at 0 1.9 90) (layer F.Fab)
      (effects (font (size 1 1) (thickness 0.15)))
    )
    (fp_text user %R (at 0 0 90) (layer F.Fab)
      (effects (font (size 0.7 0.7) (thickness 0.105)))
    )
    (fp_line (start -1.6 0.8) (end -1.6 -0.8) (layer F.Fab) (width 0.1))
    (fp_line (start 1.6 0.8) (end -1.6 0.8) (layer F.Fab) (width 0.1))
    (fp_line (start 1.6 -0.8) (end 1.6 0.8) (layer F.Fab) (width 0.1))
    (fp_line (start -1.6 -0.8) (end 1.6 -0.8) (layer F.Fab) (width 0.1))
    (fp_line (start 1 1.07) (end -1 1.07) (layer F.SilkS) (width 0.12))
    (fp_line (start -1 -1.07) (end 1 -1.07) (layer F.SilkS) (width 0.12))
    (fp_line (start -3.25 -1.11) (end 3.25 -1.11) (layer F.CrtYd) (width 0.05))
    (fp_line (start -3.25 -1.11) (end -3.25 1.1) (layer F.CrtYd) (width 0.05))
    (fp_line (start 3.25 1.1) (end 3.25 -1.11) (layer F.CrtYd) (width 0.05))
    (fp_line (start 3.25 1.1) (end -3.25 1.1) (layer F.CrtYd) (width 0.05))
    (pad 1 smd rect (at -2 0 90) (size 2 1.7) (layers F.Cu F.Paste F.Mask)
      (net 2 GND))
    (pad 2 smd rect (at 2 0 90) (size 2 1.7) (layers F.Cu F.Paste F.Mask)
      (net 21 "Net-(R4-Pad2)"))
    (model ${KISYS3DMOD}/Resistors_SMD.3dshapes/R_1206.wrl
      (at (xyz 0 0 0))
      (scale (xyz 1 1 1))
      (rotate (xyz 0 0 0))
    )
  )

  (module Resistors_SMD:R_1206_HandSoldering (layer F.Cu) (tedit 58E0A804) (tstamp 5BAADB8B)
    (at 163.068 71.12 270)
    (descr "Resistor SMD 1206, hand soldering")
    (tags "resistor 1206")
    (path /5BACC1BB)
    (attr smd)
    (fp_text reference R5 (at 0 -1.85 270) (layer F.SilkS)
      (effects (font (size 1 1) (thickness 0.15)))
    )
    (fp_text value 10K (at 0 1.9 270) (layer F.Fab)
      (effects (font (size 1 1) (thickness 0.15)))
    )
    (fp_line (start 3.25 1.1) (end -3.25 1.1) (layer F.CrtYd) (width 0.05))
    (fp_line (start 3.25 1.1) (end 3.25 -1.11) (layer F.CrtYd) (width 0.05))
    (fp_line (start -3.25 -1.11) (end -3.25 1.1) (layer F.CrtYd) (width 0.05))
    (fp_line (start -3.25 -1.11) (end 3.25 -1.11) (layer F.CrtYd) (width 0.05))
    (fp_line (start -1 -1.07) (end 1 -1.07) (layer F.SilkS) (width 0.12))
    (fp_line (start 1 1.07) (end -1 1.07) (layer F.SilkS) (width 0.12))
    (fp_line (start -1.6 -0.8) (end 1.6 -0.8) (layer F.Fab) (width 0.1))
    (fp_line (start 1.6 -0.8) (end 1.6 0.8) (layer F.Fab) (width 0.1))
    (fp_line (start 1.6 0.8) (end -1.6 0.8) (layer F.Fab) (width 0.1))
    (fp_line (start -1.6 0.8) (end -1.6 -0.8) (layer F.Fab) (width 0.1))
    (fp_text user %R (at 0 0 270) (layer F.Fab)
      (effects (font (size 0.7 0.7) (thickness 0.105)))
    )
    (pad 2 smd rect (at 2 0 270) (size 2 1.7) (layers F.Cu F.Paste F.Mask)
      (net 31 "Net-(Q3-Pad1)"))
    (pad 1 smd rect (at -2 0 270) (size 2 1.7) (layers F.Cu F.Paste F.Mask)
      (net 22 "Net-(R5-Pad1)"))
    (model ${KISYS3DMOD}/Resistors_SMD.3dshapes/R_1206.wrl
      (at (xyz 0 0 0))
      (scale (xyz 1 1 1))
      (rotate (xyz 0 0 0))
    )
  )

  (module Housings_DIP:DIP-4_W7.62mm (layer F.Cu) (tedit 59C78D6B) (tstamp 5BAC4573)
    (at 170.053 67.31 270)
    (descr "4-lead though-hole mounted DIP package, row spacing 7.62 mm (300 mils)")
    (tags "THT DIP DIL PDIP 2.54mm 7.62mm 300mil")
    (path /5BACC17C)
    (fp_text reference U3 (at 3.81 -2.33 270) (layer F.SilkS)
      (effects (font (size 1 1) (thickness 0.15)))
    )
    (fp_text value PC817 (at 3.81 4.87 270) (layer F.Fab)
      (effects (font (size 1 1) (thickness 0.15)))
    )
    (fp_text user %R (at 3.81 1.27 270) (layer F.Fab)
      (effects (font (size 1 1) (thickness 0.15)))
    )
    (fp_line (start 8.7 -1.55) (end -1.1 -1.55) (layer F.CrtYd) (width 0.05))
    (fp_line (start 8.7 4.1) (end 8.7 -1.55) (layer F.CrtYd) (width 0.05))
    (fp_line (start -1.1 4.1) (end 8.7 4.1) (layer F.CrtYd) (width 0.05))
    (fp_line (start -1.1 -1.55) (end -1.1 4.1) (layer F.CrtYd) (width 0.05))
    (fp_line (start 6.46 -1.33) (end 4.81 -1.33) (layer F.SilkS) (width 0.12))
    (fp_line (start 6.46 3.87) (end 6.46 -1.33) (layer F.SilkS) (width 0.12))
    (fp_line (start 1.16 3.87) (end 6.46 3.87) (layer F.SilkS) (width 0.12))
    (fp_line (start 1.16 -1.33) (end 1.16 3.87) (layer F.SilkS) (width 0.12))
    (fp_line (start 2.81 -1.33) (end 1.16 -1.33) (layer F.SilkS) (width 0.12))
    (fp_line (start 0.635 -0.27) (end 1.635 -1.27) (layer F.Fab) (width 0.1))
    (fp_line (start 0.635 3.81) (end 0.635 -0.27) (layer F.Fab) (width 0.1))
    (fp_line (start 6.985 3.81) (end 0.635 3.81) (layer F.Fab) (width 0.1))
    (fp_line (start 6.985 -1.27) (end 6.985 3.81) (layer F.Fab) (width 0.1))
    (fp_line (start 1.635 -1.27) (end 6.985 -1.27) (layer F.Fab) (width 0.1))
    (fp_arc (start 3.81 -1.33) (end 2.81 -1.33) (angle -180) (layer F.SilkS) (width 0.12))
    (pad 4 thru_hole oval (at 7.62 0 270) (size 1.6 1.6) (drill 0.8) (layers *.Cu *.Mask)
      (net 1 +5V))
    (pad 2 thru_hole oval (at 0 2.54 270) (size 1.6 1.6) (drill 0.8) (layers *.Cu *.Mask)
      (net 47 "Net-(R7-Pad2)"))
    (pad 3 thru_hole oval (at 7.62 2.54 270) (size 1.6 1.6) (drill 0.8) (layers *.Cu *.Mask)
      (net 22 "Net-(R5-Pad1)"))
    (pad 1 thru_hole rect (at 0 0 270) (size 1.6 1.6) (drill 0.8) (layers *.Cu *.Mask)
      (net 23 "Net-(D6-Pad1)"))
    (model ${KISYS3DMOD}/Housings_DIP.3dshapes/DIP-4_W7.62mm.wrl
      (at (xyz 0 0 0))
      (scale (xyz 1 1 1))
      (rotate (xyz 0 0 0))
    )
  )

  (module w_crystal:crystal_hc-49s (layer F.Cu) (tedit 0) (tstamp 5BAA444D)
    (at 106.426 90.17 270)
    (descr "Crystal, HC-49S")
    (tags QUARTZ)
    (path /5BA13A36)
    (autoplace_cost180 10)
    (fp_text reference Y1 (at 0 0 270) (layer F.SilkS)
      (effects (font (size 1.143 1.27) (thickness 0.1524)))
    )
    (fp_text value 16MHz (at 0 3.302 270) (layer F.SilkS)
      (effects (font (size 1.143 1.27) (thickness 0.1524)))
    )
    (fp_arc (start 3.302 0) (end 3.302 -2.286) (angle 90) (layer F.SilkS) (width 0.254))
    (fp_line (start -3.302 1.778) (end 3.302 1.778) (layer F.SilkS) (width 0.254))
    (fp_line (start 3.302 -1.778) (end -3.302 -1.778) (layer F.SilkS) (width 0.254))
    (fp_arc (start 3.302 0) (end 5.08 0) (angle 90) (layer F.SilkS) (width 0.254))
    (fp_arc (start 3.302 0) (end 3.302 -1.778) (angle 90) (layer F.SilkS) (width 0.254))
    (fp_arc (start -3.302 0) (end -3.302 1.778) (angle 90) (layer F.SilkS) (width 0.254))
    (fp_arc (start -3.302 0) (end -5.08 0) (angle 90) (layer F.SilkS) (width 0.254))
    (fp_arc (start 3.302 0) (end 5.588 0) (angle 90) (layer F.SilkS) (width 0.254))
    (fp_line (start 3.302 2.286) (end -3.302 2.286) (layer F.SilkS) (width 0.254))
    (fp_line (start -3.302 -2.286) (end 3.302 -2.286) (layer F.SilkS) (width 0.254))
    (fp_arc (start -3.302 0) (end -3.302 2.286) (angle 90) (layer F.SilkS) (width 0.254))
    (fp_arc (start -3.302 0) (end -5.588 0) (angle 90) (layer F.SilkS) (width 0.254))
    (pad 1 thru_hole circle (at -2.54 0 270) (size 1.99898 1.99898) (drill 0.8001) (layers *.Cu *.Mask F.SilkS)
      (net 44 "Net-(C1-Pad2)"))
    (pad 2 thru_hole circle (at 2.54 0 270) (size 1.99898 1.99898) (drill 0.8001) (layers *.Cu *.Mask F.SilkS)
      (net 3 "Net-(C5-Pad2)"))
    (model walter/crystal/crystal_hc-49s.wrl
      (at (xyz 0 0 0))
      (scale (xyz 1 1 1))
      (rotate (xyz 0 0 0))
    )
    (model ${KISYS3DMOD}/Crystal.3dshapes/Crystal_HC49-4H_Vertical.wrl
      (offset (xyz -2.5 0 0))
      (scale (xyz 1 1 1))
      (rotate (xyz 0 0 0))
    )
  )

  (module w_conn_mkds:mkds_1,5-3 (layer F.Cu) (tedit 5BAA6422) (tstamp 5BAAF608)
    (at 183.388 110.236)
    (descr "3-way 5mm pitch terminal block, Phoenix MKDS series")
    (path /5BAC55F6)
    (fp_text reference J4 (at 0 -3.81) (layer F.SilkS)
      (effects (font (size 1.5 1.5) (thickness 0.3)))
    )
    (fp_text value RLY4 (at 0 -6.096) (layer F.SilkS)
      (effects (font (size 1 1) (thickness 0.25)))
    )
    (fp_circle (center 5 0.1) (end 3 0.1) (layer F.SilkS) (width 0.381))
    (fp_line (start 2.5 4.1) (end 2.5 4.6) (layer F.SilkS) (width 0.381))
    (fp_line (start -2.5 4.1) (end -2.5 4.6) (layer F.SilkS) (width 0.381))
    (fp_circle (center 0 0.1) (end -2 0.1) (layer F.SilkS) (width 0.381))
    (fp_circle (center -5 0.1) (end -3 0.1) (layer F.SilkS) (width 0.381))
    (fp_line (start -7.5 2.6) (end 7.5 2.6) (layer F.SilkS) (width 0.381))
    (fp_line (start -7.5 -2.3) (end 7.5 -2.3) (layer F.SilkS) (width 0.381))
    (fp_line (start -7.5 4.1) (end 7.5 4.1) (layer F.SilkS) (width 0.381))
    (fp_line (start -7.5 4.6) (end 7.5 4.6) (layer F.SilkS) (width 0.381))
    (fp_line (start 7.5 4.6) (end 7.5 -5.2) (layer F.SilkS) (width 0.381))
    (fp_line (start 7.5 -5.2) (end -7.5 -5.2) (layer F.SilkS) (width 0.381))
    (fp_line (start -7.5 -5.2) (end -7.5 4.6) (layer F.SilkS) (width 0.381))
    (pad 3 thru_hole circle (at 5 0) (size 2.5 2.5) (drill 1.3) (layers *.Cu *.Mask F.SilkS)
      (net 18 "Net-(J4-Pad3)"))
    (pad 1 thru_hole circle (at -5 0) (size 2.5 2.5) (drill 1.3) (layers *.Cu *.Mask F.SilkS)
      (net 19 "Net-(J4-Pad1)"))
    (pad 2 thru_hole circle (at 0 0) (size 2.5 2.5) (drill 1.3) (layers *.Cu *.Mask F.SilkS)
      (net 20 "Net-(J4-Pad2)"))
    (model walter/conn_mkds/mkds_1,5-3.wrl
      (at (xyz 0 0 0))
      (scale (xyz 1 1 1))
      (rotate (xyz 0 0 0))
    )
  )

  (module w_smd_diode:do214ac (layer F.Cu) (tedit 0) (tstamp 5BAB04BA)
    (at 184.023 78.74)
    (descr DO214AC)
    (path /5BAC55C6)
    (fp_text reference D7 (at 0 -1.9685) (layer F.SilkS)
      (effects (font (size 0.50038 0.50038) (thickness 0.11938)))
    )
    (fp_text value 1N4001 (at 0 1.9685) (layer F.SilkS) hide
      (effects (font (size 0.50038 0.50038) (thickness 0.11938)))
    )
    (fp_line (start 2.19964 1.39954) (end 2.19964 -1.39954) (layer F.SilkS) (width 0.127))
    (fp_line (start -2.19964 1.39954) (end 2.19964 1.39954) (layer F.SilkS) (width 0.127))
    (fp_line (start -2.19964 -1.39954) (end -2.19964 1.39954) (layer F.SilkS) (width 0.127))
    (fp_line (start 2.19964 -1.39954) (end -2.19964 -1.39954) (layer F.SilkS) (width 0.127))
    (fp_line (start 1.69926 -1.39954) (end 1.69926 1.39954) (layer F.SilkS) (width 0.127))
    (fp_line (start 1.80086 -1.39954) (end 1.80086 1.39954) (layer F.SilkS) (width 0.127))
    (fp_line (start 1.89992 1.39954) (end 1.89992 -1.39954) (layer F.SilkS) (width 0.127))
    (fp_line (start 1.99898 -1.39954) (end 1.99898 1.39954) (layer F.SilkS) (width 0.127))
    (fp_line (start 2.10058 1.39954) (end 2.10058 -1.39954) (layer F.SilkS) (width 0.127))
    (pad 1 smd rect (at -1.72974 0) (size 2.10058 1.69926) (layers F.Cu F.Paste F.Mask)
      (net 1 +5V))
    (pad 2 smd rect (at 1.72974 0) (size 2.10058 1.69926) (layers F.Cu F.Paste F.Mask)
      (net 24 "Net-(D7-Pad2)"))
    (model walter/smd_diode/do214ac.wrl
      (at (xyz 0 0 0))
      (scale (xyz 1 1 1))
      (rotate (xyz 0 0 0))
    )
  )

  (module w_smd_diode:do214ac (layer F.Cu) (tedit 0) (tstamp 5BAB1ED3)
    (at 97.282 101.6 180)
    (descr DO214AC)
    (path /5BA2E9A4)
    (fp_text reference D9 (at 3.556 0 180) (layer F.SilkS)
      (effects (font (size 0.50038 0.50038) (thickness 0.11938)))
    )
    (fp_text value 1N4001 (at -4.572 0 180) (layer F.SilkS) hide
      (effects (font (size 0.50038 0.50038) (thickness 0.11938)))
    )
    (fp_line (start 2.10058 1.39954) (end 2.10058 -1.39954) (layer F.SilkS) (width 0.127))
    (fp_line (start 1.99898 -1.39954) (end 1.99898 1.39954) (layer F.SilkS) (width 0.127))
    (fp_line (start 1.89992 1.39954) (end 1.89992 -1.39954) (layer F.SilkS) (width 0.127))
    (fp_line (start 1.80086 -1.39954) (end 1.80086 1.39954) (layer F.SilkS) (width 0.127))
    (fp_line (start 1.69926 -1.39954) (end 1.69926 1.39954) (layer F.SilkS) (width 0.127))
    (fp_line (start 2.19964 -1.39954) (end -2.19964 -1.39954) (layer F.SilkS) (width 0.127))
    (fp_line (start -2.19964 -1.39954) (end -2.19964 1.39954) (layer F.SilkS) (width 0.127))
